t_host_s,frame_number,vicon_frame_rate_hz,vicon_latency_s,estimator_dt_s,estimator_dt_source,estimator_frame_delta,estimator_frame_rate_hz,estimator_body_rate_limited,estimator_rate_confidence,estimator_rate_window_frames,estimator_spike_rejected,estimator_observer_mode,estimator_raw_body_rate_norm_rad_s,estimator_body_rate_residual_norm_rad_s,estimator_attitude_transform_applied,trigger_source,trigger_approved,base_trigger_approved_before_rate_confidence,rate_confidence_ok,launch_gate_consecutive_approved,launch_trigger_x_w_m,crossed_launch_plane,full_window_reason,interpolated_plane_reason,approved,reason,x_w_m,y_w_m,z_w_m,phi_deg,theta_deg,psi_deg,speed_m_s,p_rad_s,q_rad_s,r_rad_s,x_w,y_w,z_w,phi,theta,psi,u,v,w,p,q,r,delta_a,delta_e,delta_r
355695.9328819,1404332,200.0,0.014268500000980566,0.0,not_initialised,0,200.0,False,0.0,1,False,warming_first_frame,0.0,0.0,True,tracking,False,False,False,0,1.2999999999999998,False,x_w_outside_launch_gate,,False,x_w_outside_launch_gate,0.9835777340554701,1.899270802745905,1.3544165554200072,3.5392655647253743,-16.826000678495447,-5.540906107991058,0.0,0.0,0.0,0.0,0.9835777340554701,1.899270802745905,1.3544165554200072,0.06177183720691426,-0.2936691117825454,-0.09670705512830846,0.0,0.0,0.0,0.0,0.0,0.0,0.0,0.0,0.0
355695.9406607,1404333,200.0,0.0145239000012225,0.005,vicon_frame_time,1,200.0,False,0.25,2,False,so3_window,0.5600988394894039,0.0,True,tracking,False,False,False,0,1.2999999999999998,False,x_w_outside_launch_gate,,False,x_w_outside_launch_gate,0.98371362901079,1.9010602883245402,1.3560573825776572,3.4850827511852422,-16.725665226162157,-5.639231808766068,0.10807932404365947,-0.06404667311358495,0.07321394955601392,-0.07765974643978829,0.98371362901079,1.9010602883245402,1.3560573825776572,0.06082616871264479,-0.29191792778285164,-0.0984231623461631,-0.022716604161967847,0.0753832978796239,-0.07404359919584343,-0.06404667311358495,0.07321394955601392,-0.07765974643978829,0.0,0.0,0.0
355695.946579,1404335,200.0,0.01426290000017616,0.01,vicon_frame_time,2,200.0,False,0.45,3,False,so3_window,0.6245396987818495,0.0,True,tracking,False,False,False,0,1.2999999999999998,False,x_w_outside_launch_gate,,False,x_w_outside_launch_gate,0.9838218944911112,1.9046252400510355,1.3592906604832657,3.511975267620556,-16.457475545155223,-5.8824018243544,0.2555423852181291,-0.06807920858508318,0.2190653759888928,-0.2186578652313443,0.9838218944911112,1.9046252400510355,1.3592906604832657,0.0612955316685877,-0.2872371348294074,-0.10266727976030543,-0.059693482602865604,0.17852290893933195,-0.1728241006386293,-0.06807920858508318,0.2190653759888928,-0.2186578652313443,0.0,0.0,0.0
355695.9911378,1404336,200.0,0.014491599999018945,0.005,vicon_frame_time,1,200.0,False,0.6,4,False,so3_window,0.5664946974295868,0.0,True,tracking,False,False,False,0,1.2999999999999998,False,x_w_outside_launch_gate,,False,x_w_outside_launch_gate,0.983551545702344,1.9065383183692695,1.3613659254650645,3.546109657489904,-16.331339168399154,-5.988757075844784,0.3238627967159011,-0.049757010939417076,0.26317307331920214,-0.25508721203526735,0.983551545702344,1.9065383183692695,1.3613659254650645,0.06189128915996722,-0.2850356397484779,-0.10452352907559925,-0.09233080450549389,0.21679044563426922,-0.22218018885064508,-0.049757010939417076,0.26317307331920214,-0.25508721203526735,0.0,0.0,0.0
355695.9971128,1404344,200.0,0.014094199999817647,0.04,vicon_frame_time,8,200.0,False,0.8,5,False,so3_window,0.5626433123364373,0.0,True,tracking,False,False,True,0,1.2999999999999998,False,x_w_outside_launch_gate,,False,x_w_outside_launch_gate,0.9811267398856933,1.920913647926829,1.376366572955691,3.701080718575182,-15.167491842294897,-6.565604752355549,0.4960701495389239,-0.007272044979112116,0.4609203523742176,-0.2713486552862304,0.9811267398856933,1.920913647926829,1.376366572955691,0.06459604442121458,-0.2647226719174265,-0.11459142031319125,-0.18176608054349552,0.3127253489218737,-0.33948422845416276,-0.007272044979112116,0.4609203523742176,-0.2713486552862304,0.0,0.0,0.0
355696.0042753,1404345,200.0,0.014353700000356184,0.005,vicon_frame_time,1,200.0,False,0.9,6,False,so3_window,0.5470599707527753,0.016111335381325254,True,tracking,False,False,True,0,1.2999999999999998,False,x_w_outside_launch_gate,,False,x_w_outside_launch_gate,0.9805851924580442,1.922625613293215,1.378242553800021,3.7223286727180183,-15.037325220578479,-6.655977951150795,0.5007474796997929,-0.007397173490237321,0.45638301834755607,-0.2816812894625916,0.9805851924580442,1.922625613293215,1.378242553800021,0.06496689118031984,-0.262450835792277,-0.11616873018772766,-0.19444354240953243,0.3109607334238483,-0.34094452556014043,-0.007397173490237321,0.45638301834755607,-0.2816812894625916,0.0,0.0,0.0
355696.0107805,1404347,200.0,0.014345699999466888,0.01,vicon_frame_time,2,200.0,False,0.95,7,False,so3_window,0.5525774758251693,0.06396881483062276,True,tracking,False,False,True,0,1.2999999999999998,False,x_w_outside_launch_gate,,False,x_w_outside_launch_gate,0.9792742740620679,1.926170778009265,1.3819330769620362,3.746546622966037,-14.757181001369746,-6.807838336483383,0.5107359110466424,-0.012871328662956283,0.46078010757325616,-0.2833876546764675,0.9792742740620679,1.926170778009265,1.3819330769620362,0.06538957415023194,-0.2575613967866559,-0.11881919391512863,-0.22011533946327635,0.3123928796527286,-0.3388378622702697,-0.012871328662956283,0.46078010757325616,-0.2833876546764675,0.0,0.0,0.0
355696.0172171,1404349,200.0,0.014226700001017889,0.01,vicon_frame_time,2,200.0,False,0.95,7,False,so3_window,0.549376803861257,0.060818857905185694,True,tracking,False,False,True,0,1.2999999999999998,False,x_w_outside_launch_gate,,False,x_w_outside_launch_gate,0.9775736691073931,1.9297017800765373,1.3855257303819635,3.7437090692571946,-14.486322975626575,-6.967460477529021,0.5176695926455653,-0.03136342484226209,0.458806277817952,-0.2882725125209729,0.9775736691073931,1.9297017800765373,1.3855257303819635,0.06534004949531047,-0.252834032431986,-0.1216051258354578,-0.2492477184924269,0.31116539537486904,-0.3302021785169609,-0.03136342484226209,0.458806277817952,-0.2882725125209729,0.0,0.0,0.0
355696.0601814,1404350,200.0,0.014151100000162842,0.005,vicon_frame_time,1,200.0,False,0.95,7,False,so3_window,0.6548569691042367,0.12127865767949274,True,tracking,False,False,True,0,1.2999999999999998,False,x_w_outside_launch_gate,,False,x_w_outside_launch_gate,0.9768063234997615,1.9314700738422306,1.3871309548748085,3.7492253488387695,-14.316748628453526,-7.048899765062447,0.5137200359406412,-0.03471112716370778,0.4777843694325181,-0.29246609146785885,0.9768063234997615,1.9314700738422306,1.3871309548748085,0.06543632673646949,-0.24987440174689635,-0.12302650954339445,-0.25328468129782483,0.3116168722029775,-0.3203904969020556,-0.03471112716370778,0.4777843694325181,-0.29246609146785885,0.0,0.0,0.0
355696.0664657,1404358,200.0,0.014377499999682186,0.04,vicon_frame_time,8,200.0,False,0.95,7,False,so3_window,0.5501487220811018,0.15614181488877282,True,tracking,False,False,True,0,1.2999999999999998,False,x_w_outside_launch_gate,,False,x_w_outside_launch_gate,0.966804936251842,1.94525712654708,1.4003767985163749,3.6222505424514324,-13.407506711301046,-7.883252495276156,0.534421380893786,-0.10480859892995598,0.40983829144554745,-0.3481744779018181,0.966804936251842,1.94525712654708,1.4003767985163749,0.06322019829792813,-0.2340051365954401,-0.13758871180862764,-0.3488945551171857,0.2930443366813075,-0.27929163701230786,-0.10480859892995598,0.40983829144554745,-0.3481744779018181,0.0,0.0,0.0
355696.0725723,1404360,200.0,0.014026999999259715,0.01,vicon_frame_time,2,200.0,False,0.95,7,False,so3_window,0.7023905339356089,0.4001844722183016,True,tracking,False,False,True,0,1.2999999999999998,False,x_w_outside_launch_gate,,False,x_w_outside_launch_gate,0.9635610767154152,1.9485586261317756,1.403546172607169,3.552362163578303,-13.235486779653673,-8.224559632206267,0.5431454535600156,-0.15056622245073648,0.36643944979620696,-0.4219966805444515,0.9635610767154152,1.9485586261317756,1.403546172607169,0.06200041597771078,-0.23100282240913783,-0.14354564510861323,-0.3819676440638797,0.28150361142083885,-0.2643168919464471,-0.15056622245073648,0.36643944979620696,-0.4219966805444515,0.0,0.0,0.0
355696.0785837,1404361,200.0,0.013600300000689458,0.005,vicon_frame_time,1,200.0,False,0.95,7,False,so3_window,0.6031286248402242,0.14925161056039624,True,tracking,False,False,True,0,1.2999999999999998,False,x_w_outside_launch_gate,,False,x_w_outside_launch_gate,0.9618748259868242,1.9501979699050476,1.4048761297681012,3.523319120642896,-13.115958349271208,-8.339461074183278,0.5411778704782665,-0.1576057022151588,0.3707562950376852,-0.4209181496204465,0.9618748259868242,1.9501979699050476,1.4048761297681012,0.06149351925368984,-0.22891665774922298,-0.1455510535864013,-0.3930598023349823,0.2772756587521869,-0.24798324206953345,-0.1576057022151588,0.3707562950376852,-0.4209181496204465,0.0,0.0,0.0
355696.0844022,1404362,200.0,0.013769900000625057,0.005,vicon_frame_time,1,200.0,False,0.95,7,False,so3_window,0.8039393631091665,0.35814074891251213,True,tracking,False,False,True,0,1.2999999999999998,False,x_w_outside_launch_gate,,False,x_w_outside_launch_gate,0.9602431505648874,1.9518563830882547,1.4062090689818254,3.4623672172238793,-13.016820584812024,-8.524904393091349,0.5394522625082725,-0.1911909387036445,0.36012924077983977,-0.45917874423458854,0.9602431505648874,1.9518563830882547,1.4062090689818254,0.06042970785367041,-0.22718637734634362,-0.14878765007717298,-0.39998150196035565,0.27467786393967697,-0.23574480413440385,-0.1911909387036445,0.36012924077983977,-0.45917874423458854,0.0,0.0,0.0
355696.1284377,1404363,200.0,0.013646299999891198,0.005,vicon_frame_time,1,200.0,False,0.95,7,False,so3_window,0.5711167268629765,0.2179160653797454,True,tracking,False,False,True,0,1.2999999999999998,False,x_w_outside_launch_gate,,False,x_w_outside_launch_gate,0.9583589221410858,1.953565405916752,1.4075500187105228,3.4559948093881157,-12.955364388838328,-8.674977400449015,0.5462947435524753,-0.18265229667304814,0.330661698942391,-0.4697277002201413,0.9583589221410858,1.953565405916752,1.4075500187105228,0.06031848835565645,-0.22611376438085173,-0.15140691817393392,-0.4166908451213005,0.2730689793372357,-0.22414285388760774,-0.18265229667304814,0.330661698942391,-0.4697277002201413,0.0,0.0,0.0
355696.1343234,1404372,200.0,0.01430380000056175,0.045,vicon_frame_time,9,200.0,False,0.95,7,False,so3_window,0.6345755136538731,0.22732531490050267,True,tracking,False,False,True,0,1.2999999999999998,False,x_w_outside_launch_gate,,False,x_w_outside_launch_gate,0.9392810106593621,1.9672965263538524,1.416723853499014,2.772203158405123,-12.45552587834453,-9.932479654725398,0.5574071041201651,-0.3101868591596493,0.22118555916314672,-0.4804029483103126,0.9392810106593621,1.9672965263538524,1.416723853499014,0.048384072648355314,-0.2173899366444707,-0.17335447286230776,-0.4945703450072947,0.2271561090739299,-0.12042821792830373,-0.3101868591596493,0.22118555916314672,-0.4804029483103126,0.0,0.0,0.0
355696.1404748,1404373,200.0,0.014355400000567897,0.005,vicon_frame_time,1,200.0,False,0.95,7,False,so3_window,0.5362784502856159,0.21999844267219348,True,tracking,False,False,True,0,1.2999999999999998,False,x_w_outside_launch_gate,,False,x_w_outside_launch_gate,0.9368663713066714,1.9685034099987226,1.417498794273902,2.728705557371066,-12.4364927757503,-10.069517216360268,0.5563636957719407,-0.3009768406803696,0.19164441351769895,-0.4786290208810965,0.9368663713066714,1.9685034099987226,1.417498794273902,0.04762489629359212,-0.21705774633733155,-0.1757462295117409,-0.5048202871173959,0.20948058814853168,-0.10399482139350832,-0.3009768406803696,0.19164441351769895,-0.4786290208810965,0.0,0.0,0.0
355696.1462669,1404375,200.0,0.014319399999294546,0.01,vicon_frame_time,2,200.0,False,0.95,7,False,so3_window,0.5797325294531138,0.16092080412289783,True,tracking,False,False,True,0,1.2999999999999998,False,x_w_outside_launch_gate,,False,x_w_outside_launch_gate,0.9316388083147005,1.9712351881187509,1.419236205419999,2.5601377813343515,-12.288339375273718,-10.280955065133213,0.5781065397847098,-0.3223809570749211,0.20646730205137834,-0.4470394506748279,0.9316388083147005,1.9712351881187509,1.419236205419999,0.04468283358898706,-0.21447198170098947,-0.17943651613616263,-0.5376818796430132,0.19420139734069528,-0.08597200076959892,-0.3223809570749211,0.20646730205137834,-0.4470394506748279,0.0,0.0,0.0
355696.1519914,1404376,200.0,0.01478799999858893,0.005,vicon_frame_time,1,200.0,False,0.95,7,False,so3_window,0.528826275047526,0.2975495460375386,True,tracking,False,False,True,0,1.2999999999999998,False,x_w_outside_launch_gate,,False,x_w_outside_launch_gate,0.9290180847664256,1.9723718836574897,1.419821689809405,2.4457143090644213,-12.287721795795157,-10.358835020127431,0.5774304368149971,-0.34486357336760814,0.17048008017390334,-0.4167756666626709,0.9290180847664256,1.9723718836574897,1.419821689809405,0.042685767256312346,-0.2144612029056958,-0.18079577777211675,-0.5447679001695201,0.17940645771569963,-0.06683687032734939,-0.34486357336760814,0.17048008017390334,-0.4167756666626709,0.0,0.0,0.0
355696.1972107,1404384,200.0,0.014806699999098782,0.04,vicon_frame_time,8,200.0,False,0.95,7,False,so3_window,0.5583590935403827,0.15697209247422964,True,tracking,False,False,True,0,1.2999999999999998,False,x_w_outside_launch_gate,,False,x_w_outside_launch_gate,0.9055587131993015,1.9814981001966916,1.4247129392568045,1.6394713840112867,-11.837731139646946,-11.092245603027946,0.6314266182538908,-0.3927997200027663,0.17995466662335288,-0.35374962198150156,0.9055587131993015,1.9814981001966916,1.4247129392568045,0.02861417364322527,-0.20660738435269987,-0.19359620721270154,-0.6199777028335345,0.11957220198509327,-0.00545075602412054,-0.3927997200027663,0.17995466662335288,-0.35374962198150156,0.0,0.0,0.0
355696.2031984,1404385,200.0,0.01446349999969243,0.005,vicon_frame_time,1,200.0,False,0.95,7,False,so3_window,0.5420751190636713,0.31095760895843927,True,tracking,False,False,True,0,1.2999999999999998,False,x_w_outside_launch_gate,,False,x_w_outside_launch_gate,0.9024114943938399,1.9825630427070466,1.4253258352945204,1.5050662281325,-11.84788163979643,-11.146570599464578,0.6410226779912959,-0.4120139271553936,0.1432087385787729,-0.3255486719171768,0.9024114943938399,1.9825630427070466,1.4253258352945204,0.02626836114148423,-0.20678454400103252,-0.19454435726665498,-0.6311536260130595,0.112045224879991,-0.0010206131940253133,-0.4120139271553936,0.1432087385787729,-0.3255486719171768,0.0,0.0,0.0
355696.2092421,1404386,200.0,0.016369144999514456,0.005,vicon_frame_time,1,200.0,False,0.95,7,False,so3_window,0.7096345895246177,0.2878240532734526,True,tracking,False,False,True,0,1.2999999999999998,False,x_w_outside_launch_gate,,False,x_w_outside_launch_gate,0.8991014485693993,1.9834752775156335,1.4259333584880893,1.421501885752922,-11.714847781770457,-11.259658953827723,0.6528758718311904,-0.4053936534216734,0.19506898116813248,-0.3376526904555986,0.8991014485693993,1.9834752775156335,1.4259333584880893,0.024809888229696764,-0.20446266516184863,-0.19651812139595393,-0.6455775859382175,0.09731662980090482,0.002440925585535672,-0.4053936534216734,0.19506898116813248,-0.3376526904555986,0.0,0.0,0.0
355696.2148714,1404388,200.0,0.016430544999564072,0.01,vicon_frame_time,2,200.0,False,0.95,7,False,so3_window,0.6076005580086978,0.1604543855599909,True,tracking,False,False,True,0,1.2999999999999998,False,x_w_outside_launch_gate,,False,x_w_outside_launch_gate,0.8926116125326922,1.9854111738819462,1.427137935497031,1.2009268163503484,-11.520785092740365,-11.407212071558279,0.6664029267462888,-0.4147106793401753,0.2358923486992621,-0.3146250563425783,0.8926116125326922,1.9854111738819462,1.427137935497031,0.02096012702080685,-0.20107563228299963,-0.19909340912193496,-0.6612764083998565,0.08224360104279585,0.006508652496426112,-0.4147106793401753,0.2358923486992621,-0.3146250563425783,0.0,0.0,0.0
355696.2209592,1404389,200.0,0.016668967499964518,0.005,vicon_frame_time,1,200.0,False,0.95,7,False,so3_window,0.5853521068916993,0.10638041831305568,True,tracking,False,False,True,0,1.2999999999999998,False,x_w_outside_launch_gate,,False,x_w_outside_launch_gate,0.8891137328927652,1.986563719029851,1.4278132349295756,1.0745595536801658,-11.436868593638073,-11.457840458473912,0.684721471156801,-0.4249717718875734,0.2448152355944702,-0.29201548760668133,0.8891137328927652,1.986563719029851,1.4278132349295756,0.018754602220479644,-0.19961101307691775,-0.1999770411685864,-0.6796534141804341,0.0828664977979773,0.006919046083890865,-0.4249717718875734,0.2448152355944702,-0.29201548760668133,0.0,0.0,0.0
355696.2269219,1404390,200.0,0.01676717500094946,0.005,vicon_frame_time,1,200.0,False,0.95,7,False,so3_window,0.8035867029582892,0.4116035796890713,True,tracking,False,False,True,0,1.2999999999999998,False,x_w_outside_launch_gate,,False,x_w_outside_launch_gate,0.8859217715678085,1.9874632429262145,1.4283301834644222,1.0015801871733805,-11.240469675075744,-11.539950926956632,0.681541839575321,-0.4059918585855144,0.3174089484666438,-0.292246184220712,0.8859217715678085,1.9874632429262145,1.4283301834644222,0.01748087198891657,-0.19618320530064892,-0.2014101391939649,-0.6773824792146621,0.07456451608826203,0.0096119137133934,-0.4059918585855144,0.3174089484666438,-0.292246184220712,0.0,0.0,0.0
355696.2656439,1404391,200.0,0.01685257500002899,0.005,vicon_frame_time,1,200.0,False,0.95,7,False,so3_window,0.5850382873790808,0.034444556452349374,True,tracking,False,False,True,0,1.2999999999999998,False,x_w_outside_launch_gate,,False,x_w_outside_launch_gate,0.8823933634941281,1.9883597971413387,1.4289678981589617,0.9018501778914331,-11.137868889403554,-11.60999453809379,0.6941050621936855,-0.40425445519073927,0.3235262408897013,-0.2844992273175834,0.8823933634941281,1.9883597971413387,1.4289678981589617,0.01574025496390208,-0.1943924837755362,-0.20263263082829486,-0.6909965800007914,0.0648577034356315,0.009951989507912026,-0.40425445519073927,0.3235262408897013,-0.2844992273175834,0.0,0.0,0.0
355696.2716329,1404400,200.0,0.017264407498897686,0.045,vicon_frame_time,9,200.0,False,0.95,7,False,so3_window,0.6427578127381329,0.1251580101210332,True,tracking,False,False,True,0,1.2999999999999998,False,x_w_outside_launch_gate,,False,x_w_outside_launch_gate,0.8508918374531205,1.9962506237238795,1.4323936986687393,-0.09059717622485462,-9.956245343233455,-12.059417527251794,0.7221213868766988,-0.4126922244859384,0.4132551865451924,-0.21066576231607892,0.8508918374531205,1.9962506237238795,1.4323936986687393,-0.0015812190181332397,-0.17376926237577672,-0.2104765417232568,-0.7201923356793811,0.028711294949803994,0.0442488254726585,-0.4126922244859384,0.4132551865451924,-0.21066576231607892,0.0,0.0,0.0
355696.2777504,1404401,200.0,0.01734060750068345,0.005,vicon_frame_time,1,200.0,False,0.95,7,False,so3_window,0.6341215709956916,0.10726088025183303,True,tracking,False,False,True,0,1.2999999999999998,False,x_w_outside_launch_gate,,False,x_w_outside_launch_gate,0.8472566164041884,1.9971426757208435,1.4326748155821591,-0.17779117000187636,-9.810609467643154,-12.110878903022293,0.7283811730425479,-0.3997758370698672,0.4291764156583872,-0.20485071579773081,0.8472566164041884,1.9971426757208435,1.4326748155821591,-0.0031030412975057153,-0.17122743683770114,-0.21137471216805803,-0.7262397390458635,0.02659958653247944,0.04906563634291711,-0.3997758370698672,0.4291764156583872,-0.20485071579773081,0.0,0.0,0.0
355696.2837028,1404402,200.0,0.01694277500030291,0.005,vicon_frame_time,1,200.0,False,0.95,7,False,so3_window,0.601481679557736,0.027766254479593164,True,tracking,False,False,True,0,1.2999999999999998,False,x_w_outside_launch_gate,,False,x_w_outside_launch_gate,0.8434468910963835,1.9980001916773706,1.432956857335037,-0.2945432661213679,-9.711247453274437,-12.172197928084142,0.74041391447014,-0.40711853205119286,0.41559730326108596,-0.20562794359671194,0.8434468910963835,1.9980001916773706,1.432956857335037,-0.005140749783395737,-0.1694932425355531,-0.21244493104950024,-0.7381184730282161,0.021479518727217744,0.05415269883152268,-0.40711853205119286,0.41559730326108596,-0.20562794359671194,0.0,0.0,0.0
355696.289767,1404403,200.0,0.016791075000242538,0.005,vicon_frame_time,1,200.0,False,0.95,7,False,so3_window,0.5596860168628778,0.03749578737969359,True,tracking,False,False,True,0,1.2999999999999998,False,x_w_outside_launch_gate,,False,x_w_outside_launch_gate,0.8396829333244074,1.998838426839905,1.4331919324470193,-0.3898347846797153,-9.598422606230523,-12.220666685737884,0.7474635718528659,-0.39943258068058085,0.4121346195611204,-0.19876238939181234,0.8396829333244074,1.998838426839905,1.4331919324470193,-0.00680390053146418,-0.16752407747657783,-0.21329087045490924,-0.7449130932268815,0.017034497289468997,0.059296717348424816,-0.39943258068058085,0.4121346195611204,-0.19876238939181234,0.0,0.0,0.0
355696.2958345,1404404,200.0,0.01694719499988,0.005,vicon_frame_time,1,200.0,False,0.95,7,False,so3_window,0.6091087744761363,0.28340651076937357,True,tracking,False,False,True,0,1.2999999999999998,False,x_w_outside_launch_gate,,False,x_w_outside_launch_gate,0.8360827968762412,1.9994744260296478,1.4329212757644105,-0.5491768589902802,-9.544220370645672,-12.24730702778389,0.7423756857222781,-0.42814029434666995,0.3751016011026834,-0.1806585688265313,0.8360827968762412,1.9994744260296478,1.4329212757644105,-0.009584944365141013,-0.16657807000368052,-0.21375583213746951,-0.7375447480233347,0.006165845644790829,0.08432903273667322,-0.42814029434666995,0.3751016011026834,-0.1806585688265313,0.0,0.0,0.0
355696.3343315,1404406,200.0,0.01627929500005425,0.01,vicon_frame_time,2,200.0,False,0.95,7,False,so3_window,0.6203023202152244,0.17762946153608086,True,tracking,False,False,True,0,1.2999999999999998,False,x_w_outside_launch_gate,,False,x_w_outside_launch_gate,0.828243986320643,2.0012301523114733,1.4335146459655224,-0.6806604127489497,-9.260624340796264,-12.39629979268266,0.7672697414887527,-0.3818639685526119,0.411426459616696,-0.20156688533312347,0.828243986320643,2.0012301523114733,1.4335146459655224,-0.01187976529045276,-0.16162838553722425,-0.2163562464466029,-0.763414068834809,0.003405998205620203,0.07674773537715754,-0.3818639685526119,0.411426459616696,-0.20156688533312347,0.0,0.0,0.0
355696.340269,1404414,200.0,0.01722949750025213,0.04,vicon_frame_time,8,200.0,False,0.95,7,False,so3_window,0.43259431796006037,0.1767545882872164,True,tracking,False,False,True,0,1.2999999999999998,False,x_w_outside_launch_gate,,False,x_w_outside_launch_gate,0.7961901017184747,2.008098758130002,1.4332259359984552,-1.4281971791113675,-8.749765438001923,-12.699825027918546,0.8123398759918727,-0.3591532541724671,0.2905078584391267,-0.152924398133396,0.7961901017184747,2.008098758130002,1.4332259359984552,-0.024926743143188546,-0.15271221567033733,-0.22165376116435942,-0.802861598365444,-0.01053846450146405,0.12328125876436802,-0.3591532541724671,0.2905078584391267,-0.152924398133396,0.0,0.0,0.0
355696.346246,1404415,200.0,0.017151297499608285,0.005,vicon_frame_time,1,200.0,False,0.95,7,False,so3_window,0.27476106221321994,0.33687327743859136,True,tracking,False,False,True,0,1.2999999999999998,False,x_w_outside_launch_gate,,False,x_w_outside_launch_gate,0.792161016997551,2.0091281742193026,1.4330935792658934,-1.5037167495467623,-8.736192554687538,-12.709324854104752,0.816562195330207,-0.3440692801915558,0.25012159480212154,-0.13269483316827516,0.792161016997551,2.0091281742193026,1.4330935792658934,-0.02624480829697795,-0.1524753241675123,-0.22181956440967587,-0.806181554613181,-0.004079759381422429,0.12972461372982172,-0.3440692801915558,0.25012159480212154,-0.13269483316827516,0.0,0.0,0.0
355696.3523499,1404416,200.0,0.016871665000378372,0.005,vicon_frame_time,1,200.0,False,0.95,7,False,so3_window,0.3189332236500072,0.1447929063682859,True,tracking,False,False,True,0,1.2999999999999998,False,x_w_outside_launch_gate,,False,x_w_outside_launch_gate,0.7880638568533067,2.010084184552988,1.4331550964550313,-1.5734287728213254,-8.67933249522712,-12.717917642908194,0.8220724784452218,-0.3280373141245692,0.24163487219767762,-0.11462969352486,0.7880638568533067,2.010084184552988,1.4331550964550313,-0.027461512631345997,-0.1514829289170483,-0.22196953686622445,-0.8123839938603052,-0.0027167840600422276,0.125809480648401,-0.3280373141245692,0.24163487219767762,-0.11462969352486,0.0,0.0,0.0
355696.3588256,1404417,200.0,0.017436564999895737,0.005,vicon_frame_time,1,200.0,False,0.95,7,False,so3_window,0.38494857150339173,0.140787813713543,True,tracking,False,False,True,0,1.2999999999999998,False,x_w_outside_launch_gate,,False,x_w_outside_launch_gate,0.7840472467353248,2.010884870670953,1.432937850056509,-1.6784959530273846,-8.643295477713815,-12.710707416879215,0.8214426821046853,-0.33385859864537226,0.22220089198965798,-0.09078354114457848,0.7840472467353248,2.010884870670953,1.432937850056509,-0.029295280861727946,-0.15085396430884224,-0.22184369468220577,-0.810368953227602,-0.007843971260717435,0.13419654147183038,-0.33385859864537226,0.22220089198965798,-0.09078354114457848,0.0,0.0,0.0
355696.4031032,1404418,200.0,0.017361854999675318,0.005,vicon_frame_time,1,200.0,False,0.95,7,False,so3_window,0.2338667478832324,0.13401023521817002,True,tracking,False,False,True,0,1.2999999999999998,False,x_w_outside_launch_gate,,False,x_w_outside_launch_gate,0.7799846104425625,2.0118028489229585,1.4329600427553204,-1.7418065948219268,-8.619542827823901,-12.70376909767452,0.8239890046694227,-0.3144414588116536,0.19885982672704863,-0.07125061012151684,0.7799846104425625,2.0118028489229585,1.4329600427553204,-0.03040026001259344,-0.15043940236218978,-0.22172259816752948,-0.8135013706076366,-0.006851658161932248,0.13086808096718852,-0.3144414588116536,0.19885982672704863,-0.07125061012151684,0.0,0.0,0.0
355696.4092152,1404426,200.0,0.018166355000997912,0.04,vicon_frame_time,8,200.0,False,0.95,7,False,so3_window,0.2527067978557873,0.1155730532736358,True,tracking,False,False,True,0,1.2999999999999998,False,x_w_outside_launch_gate,,False,x_w_outside_launch_gate,0.7477064196949601,2.0186674855588276,1.4322964309323214,-2.147821620238089,-8.202655375607415,-12.62670396940072,0.8250014171565485,-0.22207027279494856,0.18704303100168285,0.0006367921887819594,0.7477064196949601,2.0186674855588276,1.4322964309323214,-0.037486559018673926,-0.14316334371076156,-0.22037755794067992,-0.8141856016275422,-0.012948781255674738,0.1325197097668993,-0.22207027279494856,0.18704303100168285,0.0006367921887819594,0.0,0.0,0.0
355696.4151608,1404428,200.0,0.018832969999513498,0.01,vicon_frame_time,2,200.0,False,0.95,7,False,so3_window,0.1847425977884907,0.25864467382879186,True,tracking,False,False,True,0,1.2999999999999998,False,x_w_outside_launch_gate,,False,x_w_outside_launch_gate,0.7397712699465271,2.0207486841179123,1.4323015576196727,-2.229184203886347,-8.25400038911426,-12.569413292162015,0.822922747896609,-0.1941057978517009,0.103966927552745,0.028735884662818005,0.7397712699465271,2.0207486841179123,1.4323015576196727,-0.03890660399126533,-0.14405948325093698,-0.2193776469921671,-0.813005529980818,0.0027528984300607857,0.1273431536304523,-0.1941057978517009,0.103966927552745,0.028735884662818005,0.0,0.0,0.0
355696.4212308,1404429,200.0,0.018755820000812905,0.005,vicon_frame_time,1,200.0,False,0.95,7,False,so3_window,0.3246015337490241,0.3121540678779117,True,tracking,False,False,True,0,1.2999999999999998,False,x_w_outside_launch_gate,,False,x_w_outside_launch_gate,0.7357656558932577,2.021433803085396,1.4319976550313018,-2.2259207260240346,-8.170205814950037,-12.610072148816178,0.8206346823677725,-0.1632335571876929,0.13626341905455752,0.0024460708644081994,0.7357656558932577,2.021433803085396,1.4319976550313018,-0.03884964555750203,-0.1425969920364647,-0.22008727791087868,-0.8091157365049658,-0.008930408350353379,0.13672327765079936,-0.1632335571876929,0.13626341905455752,0.0024460708644081994,0.0,0.0,0.0
355696.4269172,1404431,200.0,0.01801164999965313,0.01,vicon_frame_time,2,200.0,False,0.95,7,False,so3_window,0.14912955604091085,0.15456082171673352,True,tracking,False,False,True,0,1.2999999999999998,False,x_w_outside_launch_gate,,False,x_w_outside_launch_gate,0.7278186764460108,2.0234856368628606,1.4318452576099059,-2.310872328959907,-8.185115383043076,-12.59519810563846,0.8206013120591304,-0.15770513456632057,0.08788158281281017,0.009024097704614141,0.7278186764460108,2.0234856368628606,1.4318452576099059,-0.04033233073357989,-0.14285721308973853,-0.21982767688434368,-0.8093611269403481,0.003137718326119378,0.13531900928813362,-0.15770513456632057,0.08788158281281017,0.009024097704614141,0.0,0.0,0.0
355696.471392,1404439,200.0,0.017141050000691577,0.04,vicon_frame_time,8,200.0,False,0.95,7,False,so3_window,0.1742857542820765,0.2586653921372589,True,tracking,False,False,True,0,1.2999999999999998,False,x_w_outside_launch_gate,,False,x_w_outside_launch_gate,0.6963509608697231,2.0319313406302957,1.4308732638268948,-2.451010911621701,-8.53930259958877,-12.69678157221104,0.8156100596642349,-0.09917085003816707,-0.06832049132929316,-0.02946912471655687,0.6963509608697231,2.0319313406302957,1.4308732638268948,-0.04277821041010643,-0.14903894618693503,-0.22160064284162484,-0.80220902259269,0.02340301795948321,0.1453710846309056,-0.09917085003816707,-0.06832049132929316,-0.02946912471655687,0.0,0.0,0.0
355696.4775564,1404441,200.0,0.017070745000649132,0.01,vicon_frame_time,2,200.0,False,0.95,7,False,so3_window,0.2862079128105491,0.3236773686319052,True,tracking,False,False,True,0,1.2999999999999998,False,x_w_outside_launch_gate,,False,x_w_outside_launch_gate,0.6884155689493823,2.034060039034156,1.4307034162789654,-2.423528375443115,-8.647678870134191,-12.820918346467167,0.8180356108734604,-0.06516565634692623,-0.1013737959785691,-0.08654046041177169,0.6884155689493823,2.034060039034156,1.4307034162789654,-0.04229854966699165,-0.15093046893898476,-0.22376723827519918,-0.804804614689855,0.023173509840152852,0.14468856648926345,-0.06516565634692623,-0.1013737959785691,-0.08654046041177169,0.0,0.0,0.0
355696.4834975,1404442,200.0,0.017060045001028576,0.005,vicon_frame_time,1,200.0,False,0.95,7,False,so3_window,0.42204225024287917,0.32632593795590364,True,tracking,False,False,True,0,1.2999999999999998,False,x_w_outside_launch_gate,,False,x_w_outside_launch_gate,0.6845544187367678,2.03519488997564,1.4307007181318518,-2.437701431300435,-8.767770327698656,-12.819054301105597,0.815023570919753,-0.06238595344453429,-0.1543295510764899,-0.07400848633624518,0.6845544187367678,2.03519488997564,1.4307007181318518,-0.042545916156770947,-0.15302646027700373,-0.22373470454623323,-0.8021387144004188,0.027894437453403833,0.14162910849817212,-0.06238595344453429,-0.1543295510764899,-0.07400848633624518,0.0,0.0,0.0
355696.4895798,1404443,200.0,0.016941452499872316,0.005,vicon_frame_time,1,200.0,False,0.95,7,False,so3_window,0.3685217027869983,0.2467624331372937,True,tracking,False,False,True,0,1.2999999999999998,False,x_w_outside_launch_gate,,False,x_w_outside_launch_gate,0.6806645097715229,2.0360133187741547,1.4303698364602038,-2.4447524268120544,-8.834364700791067,-12.899599250967904,0.8106818808928593,-0.06326008584484454,-0.16534388386144558,-0.10959098443858103,0.6806645097715229,2.0360133187741547,1.4303698364602038,-0.042668979243992045,-0.15418875135076782,-0.22514047911718427,-0.7960821191837539,0.015848112772598243,0.1523391244737691,-0.06326008584484454,-0.16534388386144558,-0.10959098443858103,0.0,0.0,0.0
355696.4957345,1404445,200.0,0.015783030000157138,0.01,vicon_frame_time,2,200.0,False,0.95,7,False,so3_window,0.4116105287612159,0.20613542834488513,True,tracking,False,False,True,0,1.2999999999999998,False,x_w_outside_launch_gate,,False,x_w_outside_launch_gate,0.6728751338691268,2.038350857165824,1.4304672715555253,-2.4433675192788136,-9.057118976825516,-12.977255116785686,0.8113712357809651,-0.05004426737014265,-0.22975311162041068,-0.12166637279284295,0.6728751338691268,2.038350857165824,1.4304672715555253,-0.04264480804770132,-0.15807654689046524,-0.22649582965919146,-0.7984535889466156,0.027721751591661795,0.14151555758887396,-0.05004426737014265,-0.22975311162041068,-0.12166637279284295,0.0,0.0,0.0
355696.5408017,1404446,200.0,0.015667029999085768,0.005,vicon_frame_time,1,200.0,False,0.95,7,False,so3_window,0.39970583332831133,0.4196593449085151,True,tracking,False,False,True,0,1.2999999999999998,False,x_w_outside_launch_gate,,False,x_w_outside_launch_gate,0.6690211900751186,2.0392209826129357,1.4302156771530188,-2.4132920455614886,-9.012132182403215,-13.083002056534449,0.8067166881667263,-0.03386636176616899,-0.1627348464150956,-0.16098478449901849,0.6690211900751186,2.0392209826129357,1.4302156771530188,-0.04211989200723698,-0.15729137920787828,-0.22834146193171545,-0.7928264007327734,0.017749784918008826,0.147996818895445,-0.03386636176616899,-0.1627348464150956,-0.16098478449901849,0.0,0.0,0.0
355696.5469844,1404455,200.0,0.016331007499037827,0.045,vicon_frame_time,9,200.0,False,0.95,7,False,so3_window,0.48029235482301524,0.1780696185133951,True,tracking,False,False,True,0,1.2999999999999998,False,x_w_outside_launch_gate,,False,x_w_outside_launch_gate,0.6341874052707879,2.0495577976305164,1.43118002823569,-2.2468891527301103,-10.019159802625055,-13.812273291166358,0.8074868161959726,0.0008320993351585218,-0.3079784708177463,-0.2507653746258657,0.6341874052707879,2.0495577976305164,1.43118002823569,-0.03921561364248616,-0.17486732683927242,-0.24106964611612636,-0.7971758966840187,0.030829024903897613,0.12488042000175281,0.0008320993351585218,-0.3079784708177463,-0.2507653746258657,0.0,0.0,0.0
355696.5535016,1404456,200.0,0.01681360749943373,0.005,vicon_frame_time,1,200.0,False,0.95,7,False,so3_window,0.3098225402663383,0.3363472612127113,True,tracking,False,False,True,0,1.2999999999999998,False,x_w_outside_launch_gate,,False,x_w_outside_launch_gate,0.6304388789333433,2.050578646712918,1.4314024775327552,-2.207224375785009,-9.99136957359302,-13.893862750771566,0.8008824358698249,0.015523288567655844,-0.23867359727573922,-0.25505270012761033,0.6304388789333433,2.050578646712918,1.4314024775327552,-0.03852333268772501,-0.1743822958427801,-0.24249365082116014,-0.7918291190271384,0.02642108702369885,0.11713773305803857,0.015523288567655844,-0.23867359727573922,-0.25505270012761033,0.0,0.0,0.0
355696.5597073,1404457,200.0,0.016567212498727463,0.005,vicon_frame_time,1,200.0,False,0.95,7,False,so3_window,0.9756746365849919,0.5303605174599714,True,tracking,False,False,True,0,1.2999999999999998,False,x_w_outside_launch_gate,,False,x_w_outside_launch_gate,0.6264463905385131,2.0519936015745883,1.431971817834732,-2.1727799492809847,-10.253405810499327,-13.991093198457417,0.8118065596323271,0.02303370134725062,-0.34910685042826384,-0.2740155603253939,0.6264463905385131,2.0519936015745883,1.431971817834732,-0.03792216403626858,-0.178955690936331,-0.24419064226646636,-0.8043834249156299,0.037229776220631595,0.10301038659105169,0.02303370134725062,-0.34910685042826384,-0.2740155603253939,0.0,0.0,0.0
355696.5655245,1404458,200.0,0.016440182498711074,0.005,vicon_frame_time,1,200.0,False,0.95,7,False,so3_window,0.5987618493454057,0.5015763018029278,True,tracking,False,False,True,0,1.2999999999999998,False,x_w_outside_launch_gate,,False,x_w_outside_launch_gate,0.6223337105843045,2.0528653164124777,1.4319797605129303,-2.147887412578179,-10.201780725617539,-14.157248036977988,0.8175284266823026,0.016512628228254292,-0.25731933319789213,-0.3222776930860088,0.6223337105843045,2.0528653164124777,1.4319797605129303,-0.03748770731163109,-0.17805466322852226,-0.2470905912667698,-0.8096120950716917,0.01882451925471807,0.1119223901732617,0.016512628228254292,-0.25731933319789213,-0.3222776930860088,0.0,0.0,0.0
355696.6104004,1404459,200.0,0.015266837500137813,0.005,vicon_frame_time,1,200.0,False,0.95,7,False,so3_window,0.4905061770361696,0.1347603550848582,True,tracking,False,False,True,0,1.2999999999999998,False,x_w_outside_launch_gate,,False,x_w_outside_launch_gate,0.6184558033264445,2.054336787318695,1.4325374561236695,-2.118472245174314,-10.332381952133897,-14.205518037562422,0.8207027055191702,0.025868679110646605,-0.28933373250385247,-0.2990054110524221,0.6184558033264445,2.054336787318695,1.4325374561236695,-0.03697431579040833,-0.18033408463837564,-0.24793306170690776,-0.8141205532075487,0.034875490271403055,0.09769521927837575,0.025868679110646605,-0.28933373250385247,-0.2990054110524221,0.0,0.0,0.0
355696.6165135,1404469,200.0,0.01547780250062161,0.05,vicon_frame_time,10,200.0,False,0.95,7,False,so3_window,0.39549208478910675,0.12349414981739293,True,tracking,False,False,True,0,1.2999999999999998,False,x_w_outside_launch_gate,,False,x_w_outside_launch_gate,0.5778986029199515,2.0645996046257884,1.437447169230708,-1.4389453334162887,-10.920462011768157,-15.032123217031439,0.8405334736054334,0.1348502586468522,-0.22526162847215803,-0.2926802047479003,0.5778986029199515,2.0645996046257884,1.437447169230708,-0.02511433382432182,-0.19059801794431808,-0.26236004370268073,-0.8379261783380192,-0.010646071514020429,0.06529089575412726,0.1348502586468522,-0.22526162847215803,-0.2926802047479003,0.0,0.0,0.0
355696.6224978,1404470,200.0,0.015499202499862723,0.005,vicon_frame_time,1,200.0,False,0.95,7,False,so3_window,0.7442871178651782,0.9161034565489866,True,tracking,False,False,True,0,1.2999999999999998,False,x_w_outside_launch_gate,,False,x_w_outside_launch_gate,0.5738091023207028,2.065605236046009,1.438239996686435,-1.3282510203123443,-10.737092274634888,-15.057241696674993,0.84379996542781,0.17403080375471577,-0.08071578593160228,-0.2556715320427187,0.5738091023207028,2.065605236046009,1.438239996686435,-0.023182353597424488,-0.18739761228282603,-0.26279844387555595,-0.8422921427659753,-0.012480046628153427,0.048852597953786964,0.17403080375471577,-0.08071578593160228,-0.2556715320427187,0.0,0.0,0.0
355696.6286084,1404471,200.0,0.014816732501601293,0.005,vicon_frame_time,1,200.0,False,0.95,7,False,so3_window,0.7354978772613516,0.4792343508171764,True,tracking,False,False,True,0,1.2999999999999998,False,x_w_outside_launch_gate,,False,x_w_outside_launch_gate,0.5695598833596662,2.0662585852089856,1.4387909542423662,-1.2329470304854626,-10.919332561681415,-15.124366312890896,0.8482407407336852,0.19313568337344067,-0.17240672290829903,-0.2537756543339912,0.5695598833596662,2.0662585852089856,1.4387909542423662,-0.021518985184658224,-0.1905783053215675,-0.26396998943766103,-0.8460703596823475,-0.031946017943510256,0.051543696462001506,0.19313568337344067,-0.17240672290829903,-0.2537756543339912,0.0,0.0,0.0
355696.6346053,1404472,200.0,0.015307532498952425,0.005,vicon_frame_time,1,200.0,False,0.95,7,False,so3_window,0.4208541601822714,0.26372058890417893,True,tracking,False,False,True,0,1.2999999999999998,False,x_w_outside_launch_gate,,False,x_w_outside_launch_gate,0.5653991273171459,2.06721265033468,1.4397729761333529,-1.1482838993928859,-11.005125941690373,-15.12412671568043,0.8537093244026415,0.21022869047304849,-0.19357786835807442,-0.21237812834782543,0.5653991273171459,2.06721265033468,1.4397729761333529,-0.020041334792045173,-0.19207568227913852,-0.2639658076774598,-0.8524196499973302,-0.03198401021992901,0.03431288330489085,0.21022869047304849,-0.19357786835807442,-0.21237812834782543,0.0,0.0,0.0
355696.6773399,1404477,200.0,0.015330202499716948,0.025,vicon_frame_time,5,200.0,False,0.95,7,False,so3_window,0.3753770400104866,0.2739198410717512,True,tracking,False,False,True,0,1.2999999999999998,False,x_w_outside_launch_gate,,False,x_w_outside_launch_gate,0.5441777483242398,2.069871285240343,1.4435158293534347,-0.6106555144985425,-11.020562989935518,-15.124978288678456,0.8633526956434157,0.29875458807932054,-0.09549195472276556,-0.09882998804961732,0.5441777483242398,2.069871285240343,1.4435158293534347,-0.010657949323459537,-0.19234510959780549,-0.26398067043009643,-0.8579786818144292,-0.09413196479181742,0.019739093980191524,0.29875458807932054,-0.09549195472276556,-0.09882998804961732,0.0,0.0,0.0
355696.6834088,1404482,200.0,0.015326870001111999,0.025,vicon_frame_time,5,200.0,False,0.95,7,False,so3_window,0.5274173920920371,0.42759663739250175,True,tracking,False,False,True,0,1.2999999999999998,False,x_w_outside_launch_gate,,False,x_w_outside_launch_gate,0.5231431757652345,2.071649207052354,1.4478092213745313,-0.07083813609303548,-11.05859899365022,-14.691157976798134,0.8616453239441472,0.3717790218093147,-0.0594521369842293,0.11360208566378141,0.5231431757652345,2.071649207052354,1.4478092213745313,-0.0012363587107993013,-0.19300896309692783,-0.25640907762575615,-0.8520331193594594,-0.1283432909028499,-0.0004769377631074767,0.3717790218093147,-0.0594521369842293,0.11360208566378141,0.0,0.0,0.0
355696.6894093,1404483,200.0,0.015345670000564311,0.005,vicon_frame_time,1,200.0,False,0.95,7,False,so3_window,0.7961638036342972,0.3998157041585929,True,tracking,False,False,True,0,1.2999999999999998,False,x_w_outside_launch_gate,,False,x_w_outside_launch_gate,0.5184439727048984,2.0716689542965434,1.4489980528778688,0.12743912174994648,-11.143738643196338,-14.646164917648042,0.8845695277609209,0.43021147289161504,-0.09906481880155585,0.12037930823913863,0.5184439727048984,2.0716689542965434,1.4489980528778688,0.0022242322703864836,-0.1944949303055017,-0.25562380060304246,-0.8714562812284801,-0.15129883776337455,-0.011655944494499831,0.43021147289161504,-0.09906481880155585,0.12037930823913863,0.0,0.0,0.0
355696.6955858,1404484,200.0,0.015581044999579439,0.005,vicon_frame_time,1,200.0,False,0.95,7,False,so3_window,0.5447752709714835,0.6062636484445488,True,tracking,False,False,True,0,1.2999999999999998,False,x_w_outside_launch_gate,,False,x_w_outside_launch_gate,0.5142907314927312,2.07183324509566,1.449379810827535,0.10685015691765815,-11.206222407522652,-14.500595742581888,0.8724498528148515,0.3629415166692399,-0.1187365262125208,0.18347611485039972,0.5142907314927312,2.07183324509566,1.449379810827535,0.0018648870444857302,-0.19558547772203605,-0.25308313920872605,-0.8584916401555989,-0.15510246152085305,0.010201759151155537,0.3629415166692399,-0.1187365262125208,0.18347611485039972,0.0,0.0,0.0
355696.701681,1404486,200.0,0.014560122500658282,0.01,vicon_frame_time,2,200.0,False,0.95,7,False,so3_window,0.718926113515322,0.4279585503996082,True,tracking,False,False,True,0,1.2999999999999998,False,x_w_outside_launch_gate,,False,x_w_outside_launch_gate,0.5056142262256822,2.072110417396283,1.4515078627302158,0.4135818435154026,-11.170305666523275,-14.281111293632948,0.8803541537787759,0.43605094606110273,-0.06447388205919727,0.24037562000861082,0.5056142262256822,2.072110417396283,1.4515078627302158,0.007218364895811735,-0.19495861233501088,-0.24925241291764166,-0.8645138370903036,-0.1659080646905913,-0.010666565781318221,0.43605094606110273,-0.06447388205919727,0.24037562000861082,0.0,0.0,0.0
355696.7074988,1404487,200.0,0.0147301225000017,0.005,vicon_frame_time,1,200.0,False,0.95,7,False,so3_window,0.462684967876579,0.2627851184972015,True,tracking,False,False,True,0,1.2999999999999998,False,x_w_outside_launch_gate,,False,x_w_outside_launch_gate,0.5013541895409701,2.0721268051827657,1.452131410498154,0.4666523020927115,-11.113592334014195,-14.183470111257192,0.8756138301065286,0.40522660385835724,-0.02030460689243653,0.2557932731799908,0.5013541895409701,2.0721268051827657,1.452131410498154,0.00814461913352904,-0.1939687779529491,-0.24754825279964443,-0.8582425269966079,-0.17354912514296225,-0.00021328481899512974,0.40522660385835724,-0.02030460689243653,0.2557932731799908,0.0,0.0,0.0
355696.713704,1404488,200.0,0.014946687500451762,0.005,vicon_frame_time,1,200.0,False,0.95,7,False,so3_window,1.1587482259531054,0.6856809210972569,True,tracking,False,False,True,0,1.2999999999999998,False,x_w_outside_launch_gate,,False,x_w_outside_launch_gate,0.497221477602678,2.072115396226896,1.453384054300693,0.6941307783946048,-10.996657325459408,-14.011039212525356,0.8720217857099845,0.4892701020352739,0.052106635668938125,0.31092417773903896,0.497221477602678,2.072115396226896,1.453384054300693,0.012114867522416972,-0.19192787704282033,-0.244538765884601,-0.8533521021382168,-0.17823600549520988,-0.02107393827048054,0.4892701020352739,0.052106635668938125,0.31092417773903896,0.0,0.0,0.0
355696.7197312,1404489,200.0,0.01450572999891906,0.005,vicon_frame_time,1,200.0,False,0.95,7,False,so3_window,0.605187127824925,0.350172787367571,True,tracking,False,False,True,0,1.2999999999999998,False,x_w_outside_launch_gate,,False,x_w_outside_launch_gate,0.4928159334785498,2.0720406139391736,1.45396001836104,0.756599929737038,-11.097930642325974,-13.896348816796708,0.8749963012557316,0.4568523031169396,-0.014665475531467867,0.3253325154759286,0.4928159334785498,2.0720406139391736,1.45396001836104,0.01320515989426907,-0.1936954298665574,-0.24253704085872085,-0.8546806955989718,-0.18743026828382706,-0.0030545560596246246,0.4568523031169396,-0.014665475531467867,0.3253325154759286,0.0,0.0,0.0
355696.7257685,1404490,200.0,0.014781330000178651,0.005,vicon_frame_time,1,200.0,False,0.95,7,False,so3_window,0.7905115382370711,0.16701451694302416,True,tracking,False,False,True,0,1.2999999999999998,False,x_w_outside_launch_gate,,False,x_w_outside_launch_gate,0.4885705722655258,2.0720632399831547,1.455011443100818,0.8834427450952054,-11.098477697454681,-13.731574304437022,0.8747481793607038,0.4729576721504007,-0.011193023480356909,0.3651763722460971,0.4885705722655258,2.0720632399831547,1.455011443100818,0.01541898465476832,-0.19370497777974327,-0.2396611830946762,-0.85425179965452,-0.18787734631886546,-0.011846637584604691,0.4729576721504007,-0.011193023480356909,0.3651763722460971,0.0,0.0,0.0
355696.7316203,1404492,200.0,0.014675605000709947,0.01,vicon_frame_time,2,200.0,False,0.95,7,False,so3_window,0.7328755328692359,0.06388181905471729,True,tracking,False,False,True,0,1.2999999999999998,False,x_w_outside_launch_gate,,False,x_w_outside_launch_gate,0.4801620011255747,2.0719107900364784,1.4569059899499213,1.1386508323450135,-11.029837082751563,-13.45058440993024,0.8695803311189461,0.49268559393395106,0.030132311103454615,0.39893765329090597,0.4801620011255747,2.0719107900364784,1.4569059899499213,0.01987320605499443,-0.19250697305258102,-0.23475698427070135,-0.8473540912787562,-0.1945639239892973,-0.01748930370186763,0.49268559393395106,0.030132311103454615,0.39893765329090597,0.0,0.0,0.0
355696.7376872,1404493,200.0,0.014727205000716094,0.005,vicon_frame_time,1,200.0,False,0.95,7,False,so3_window,0.8944683680961418,0.16319608259827098,True,tracking,False,False,True,0,1.2999999999999998,False,x_w_outside_launch_gate,,False,x_w_outside_launch_gate,0.47602576173079303,2.0717635480305714,1.457851440847396,1.2898731642151453,-11.011980023215855,-13.271380598082036,0.8649044143981469,0.518480450335129,0.03766566616153267,0.43454037230511383,0.47602576173079303,2.0717635480305714,1.457851440847396,0.022512533648671784,-0.19219530856895828,-0.23162928772182578,-0.8416889624761297,-0.19807616812883416,-0.01962570025898769,0.518480450335129,0.03766566616153267,0.43454037230511383,0.0,0.0,0.0
355696.7438613,1404494,200.0,0.01443176249907296,0.005,vicon_frame_time,1,200.0,False,0.95,7,False,so3_window,0.8214933718981154,0.05614858892243862,True,tracking,False,False,True,0,1.2999999999999998,False,x_w_outside_launch_gate,,False,x_w_outside_launch_gate,0.4718393797552114,2.071761396393268,1.459011140948358,1.4269869248071656,-10.965851966976087,-13.110059615218665,0.86554097362451,0.5297271757085265,0.060401910609533836,0.4535876481384536,0.4718393797552114,2.071761396393268,1.459011140948358,0.02490562022079379,-0.1913902221100292,-0.2288137054183066,-0.8427404234321061,-0.19499182428718914,-0.030462176506173222,0.5297271757085265,0.060401910609533836,0.4535876481384536,0.0,0.0,0.0
355696.749617,1404495,200.0,0.014873497500857771,0.005,vicon_frame_time,1,200.0,False,0.95,7,False,so3_window,1.250077858880744,0.5678076856477465,True,tracking,False,False,True,0,1.2999999999999998,False,x_w_outside_launch_gate,,False,x_w_outside_launch_gate,0.4678371940558921,2.0715374413525547,1.4601488543920866,1.6545688476669005,-10.802299083301802,-12.9259765738384,0.8580248132578262,0.5940658194341704,0.14828354785849793,0.48056323147489166,0.4678371940558921,2.0715374413525547,1.4601488543920866,0.02887767409271591,-0.18853568578878166,-0.225600850249136,-0.8334419354315618,-0.1997322552379174,-0.04108706180533642,0.5940658194341704,0.14828354785849793,0.48056323147489166,0.0,0.0,0.0
355696.7557453,1404496,200.0,0.015564129998990843,0.005,vicon_frame_time,1,200.0,False,0.95,7,False,so3_window,0.7495963845745501,0.5021273935753865,True,tracking,False,False,True,0,1.2999999999999998,False,x_w_outside_launch_gate,,False,x_w_outside_launch_gate,0.4637275953696407,2.071393863865479,1.4609507325558637,1.700689368677276,-10.904939209569925,-12.75155422753913,0.853377280152568,0.5409920003425374,0.06679558376040856,0.5018353729358003,0.4637275953696407,2.071393863865479,1.4609507325558637,0.029682629037082187,-0.19032709393682312,-0.22255660601715999,-0.8290414901975612,-0.19998314183475818,-0.03081773504819149,0.5409920003425374,0.06679558376040856,0.5018353729358003,0.0,0.0,0.0
355696.7622208,1404498,200.0,0.01542742750075202,0.01,vicon_frame_time,2,200.0,False,0.95,7,False,so3_window,0.9335105771132404,0.2565633764481455,True,tracking,False,False,True,0,1.2999999999999998,False,x_w_outside_launch_gate,,False,x_w_outside_launch_gate,0.4558428456158694,2.0708854916823745,1.463186592738107,2.0335154283540833,-11.005666940717278,-12.403515644086823,0.8402222837169808,0.587019722067192,0.0006968101115271685,0.5314510339454598,0.4558428456158694,2.0708854916823745,1.463186592738107,0.035491539614881606,-0.1920851244934081,-0.2164821868119402,-0.813524117917377,-0.20559525857716485,-0.043388768960655355,0.587019722067192,0.0006968101115271685,0.5314510339454598,0.0,0.0,0.0
355696.7681329,1404499,200.0,0.01545392750062827,0.005,vicon_frame_time,1,200.0,False,0.95,7,False,so3_window,1.1111569969072284,0.4090852813746203,True,tracking,False,False,True,0,1.2999999999999998,False,x_w_outside_launch_gate,,False,x_w_outside_launch_gate,0.4519252186295297,2.0707164448981548,1.4641273219465158,2.1318099346534702,-11.04656221168176,-12.121734390000578,0.8327181929916837,0.5777213570356998,-0.01734869950406684,0.6045450570326577,0.4519252186295297,2.0707164448981548,1.4641273219465158,0.037207102386428215,-0.1927988816202335,-0.21156417615773648,-0.8070700025629889,-0.20112765587149395,-0.04006577025279773,0.5777213570356998,-0.01734869950406684,0.6045450570326577,0.0,0.0,0.0
355696.7740331,1404500,200.0,0.01592707500132539,0.005,vicon_frame_time,1,200.0,False,0.95,7,False,so3_window,1.1797024096060396,0.7176048843034872,True,tracking,False,False,True,0,1.2999999999999998,False,x_w_outside_launch_gate,,False,x_w_outside_launch_gate,0.4479195074022062,2.070508115036124,1.4654206551307385,2.325641498932593,-10.832332265516214,-11.979339874378526,0.83463304787473,0.6099233863293283,0.11325142550906694,0.5802145424496793,0.4479195074022062,2.070508115036124,1.4654206551307385,0.04059010137738994,-0.18905986370327454,-0.20907892302334918,-0.807922042229225,-0.20206591491921755,-0.05516941464869099,0.6099233863293283,0.11325142550906694,0.5802145424496793,0.0,0.0,0.0
355696.7799428,1404501,200.0,0.015460075001481268,0.005,vicon_frame_time,1,200.0,False,0.95,7,False,so3_window,1.1499972986484106,0.27412813128971836,True,tracking,False,False,True,0,1.2999999999999998,False,x_w_outside_launch_gate,,False,x_w_outside_launch_gate,0.4438822463793928,2.070246995887691,1.4663749168209985,2.507918437378133,-10.926505834173444,-11.75369065464537,0.8338091104175128,0.6390927357514825,0.04507014494337269,0.6146273087232136,0.4438822463793928,2.070246995887691,1.4663749168209985,0.04377143410371964,-0.19070350254469615,-0.20514060118444943,-0.8072644215020464,-0.20310724652268933,-0.04805447744156757,0.6390927357514825,0.04507014494337269,0.6146273087232136,0.0,0.0,0.0
355696.7861727,1404502,200.0,0.015644245001037935,0.005,vicon_frame_time,1,200.0,False,0.95,7,False,so3_window,0.9966287348765812,0.40991364337535424,True,tracking,False,False,True,0,1.2999999999999998,False,x_w_outside_launch_gate,,False,x_w_outside_launch_gate,0.4400670130286719,2.069824776462489,1.4671895954676568,2.6724378499149766,-10.848534762875115,-11.562645381203161,0.8225191622000905,0.6492845191218644,0.08780821776473319,0.6191732077336601,0.4400670130286719,2.069824776462489,1.4671895954676568,0.0466428395359344,-0.18934265062923306,-0.20180623214251003,-0.7945956351788693,-0.20863674590138767,-0.04032687690248049,0.6492845191218644,0.08780821776473319,0.6191732077336601,0.0,0.0,0.0
355696.7922653,1404504,200.0,0.015707989999140717,0.01,vicon_frame_time,2,200.0,False,0.95,7,False,so3_window,0.8459020045290738,0.22807198554813907,True,tracking,False,False,True,0,1.2999999999999998,False,x_w_outside_launch_gate,,False,x_w_outside_launch_gate,0.4322791524480043,2.069061634014588,1.4685284911298153,2.868432361144435,-10.958605784093047,-11.168735918212425,0.8105427131392001,0.5967889673664472,0.014601405220151978,0.6382596328775718,0.4322791524480043,2.069061634014588,1.4685284911298153,0.050063589072725456,-0.1912637523605185,-0.19493121505855893,-0.7822298791603239,-0.2118797887263308,-0.014242931621198163,0.5967889673664472,0.014601405220151978,0.6382596328775718,0.0,0.0,0.0
355696.7979943,1404505,200.0,0.0156534900006994,0.005,vicon_frame_time,1,200.0,False,0.95,7,False,so3_window,0.937438651500047,0.1880611009540849,True,tracking,False,False,True,0,1.2999999999999998,False,x_w_outside_launch_gate,,False,x_w_outside_launch_gate,0.4283749468372431,2.068739923932194,1.4694711820579431,2.9944311795815537,-10.959907188876597,-10.954322430972331,0.8094661410687983,0.5943416561844558,0.017674843645019075,0.654228028195088,0.4283749468372431,2.068739923932194,1.4694711820579431,0.05226268330807571,-0.19128646615889267,-0.19118899374553644,-0.781549371241492,-0.21002370284105804,-0.017494516105658026,0.5943416561844558,0.017674843645019075,0.654228028195088,0.0,0.0,0.0
355696.8039744,1404506,200.0,0.015404542499697553,0.005,vicon_frame_time,1,200.0,False,0.95,7,False,so3_window,1.2297017640837953,0.49508303710149415,True,tracking,False,False,True,0,1.2999999999999998,False,x_w_outside_launch_gate,,False,x_w_outside_launch_gate,0.42458457157855367,2.068523669111767,1.4706568801867088,3.2305938058831756,-10.839012737609357,-10.762948619439634,0.8058592746154059,0.6537333342087196,0.09089834302102416,0.6505381185738967,0.42458457157855367,2.068523669111767,1.4706568801867088,0.056384498707195974,-0.18917645993688748,-0.18784889063219978,-0.7790451008685175,-0.2035144478005555,-0.03285986659839529,0.6537333342087196,0.09089834302102416,0.6505381185738967,0.0,0.0,0.0
355696.8098739,1404507,200.0,0.015779342501434285,0.005,vicon_frame_time,1,200.0,False,0.95,7,False,so3_window,0.6271634526921356,0.6054561428575438,True,tracking,False,False,True,0,1.2999999999999998,False,x_w_outside_launch_gate,,False,x_w_outside_launch_gate,0.4206779994351435,2.068139957387688,1.471112594405056,3.2293117456921654,-10.878058827543322,-10.587336627440518,0.8013406259902683,0.5632744866241003,0.0587205362077321,0.6435729423311175,0.4206779994351435,2.068139957387688,1.471112594405056,0.05636212253565409,-0.189857942766265,-0.18478388316582928,-0.7747638204502381,-0.20438474748643928,-0.01070963952385276,0.5632744866241003,0.0587205362077321,0.6435729423311175,0.0,0.0,0.0
355696.8158459,1404508,200.0,0.015569620001029228,0.005,vicon_frame_time,1,200.0,False,0.5,7,True,so3_window_spike_downweighted,2.590454819182994,2.313062063686788,True,tracking,False,False,False,0,1.2999999999999998,False,x_w_outside_launch_gate,,False,x_w_outside_launch_gate,0.41645830989018107,2.067118915167775,1.4712868955065244,3.614340801194818,-10.25684357696853,-10.51111527271805,0.8123833817434488,0.5937127965826524,0.053013757235261125,0.6432014856771854,0.41645830989018107,2.067118915167775,1.4712868955065244,0.06308214727001937,-0.17901569128013328,-0.18345356956559167,-0.7772593889071008,-0.23582526233788836,0.014867647155766828,0.5937127965826524,0.053013757235261125,0.6432014856771854,0.0,0.0,0.0
355696.8215088,1404509,200.0,0.01568307999875871,0.005,vicon_frame_time,1,200.0,False,0.95,7,False,so3_window,0.8862294545032133,0.012992225910528399,True,tracking,False,False,True,0,1.2999999999999998,False,x_w_outside_launch_gate,,False,x_w_outside_launch_gate,0.41280468080590493,2.0667331982790733,1.4720406336842546,3.748244744971704,-10.237391061486573,-10.31879506760171,0.7984683752039585,0.5925667909626106,0.06254153157387674,0.6451502748300699,0.41280468080590493,2.0667331982790733,1.4720406336842546,0.0654192119703314,-0.17867618083717796,-0.1800969487682007,-0.7652839608386929,-0.22759362026257093,0.009661754481876672,0.5925667909626106,0.06254153157387674,0.6451502748300699,0.0,0.0,0.0
355696.8272029,1404511,200.0,0.01575927750045805,0.01,vicon_frame_time,2,200.0,False,0.95,7,False,so3_window,0.8850680601371497,0.4230955039616623,True,tracking,False,False,True,0,1.2999999999999998,False,x_w_outside_launch_gate,,False,x_w_outside_launch_gate,0.40531876878774487,2.0661288605545156,1.4731931393805653,3.8077898231259257,-10.363134142950532,-9.841678168391407,0.7830384123472572,0.4918977231845482,-0.004880846779855369,0.7005113378562936,0.40531876878774487,2.0661288605545156,1.4731931393805653,0.06645846963747992,-0.18087081162032748,-0.17176968796007497,-0.7548782912231515,-0.20725905125655214,0.018751168591902012,0.4918977231845482,-0.004880846779855369,0.7005113378562936,0.0,0.0,0.0
355696.8330041,1404512,200.0,0.015256577501624924,0.005,vicon_frame_time,1,200.0,False,0.95,7,False,so3_window,1.0270536719158334,0.3981420649749619,True,tracking,False,False,True,0,1.2999999999999998,False,x_w_outside_launch_gate,,False,x_w_outside_launch_gate,0.4015428263566396,2.065679986013063,1.4735020816046873,3.8994144874587926,-10.24426687398215,-9.604462790925629,0.7780675441030729,0.48790417236160205,0.07405941667239946,0.7145862326818789,0.4015428263566396,2.065679986013063,1.4735020816046873,0.06805762170612306,-0.17879618640397554,-0.167629498586936,-0.7497843804172221,-0.20538079098079023,0.03211256397509524,0.48790417236160205,0.07405941667239946,0.7145862326818789,0.0,0.0,0.0
355696.8391354,1404513,200.0,0.015562187501069623,0.005,vicon_frame_time,1,200.0,False,0.95,7,False,so3_window,1.2555571057609587,0.6263772539809125,True,tracking,False,False,True,0,1.2999999999999998,False,x_w_outside_launch_gate,,False,x_w_outside_launch_gate,0.39799601357182723,2.0652078627650687,1.4747108791156345,4.1298620292115995,-10.374952016728704,-9.398938851056332,0.7709238815488707,0.5620578615119156,-0.005894370705728055,0.7181616302720688,0.39799601357182723,2.0652078627650687,1.4747108791156345,0.07207969006283665,-0.1810770724283417,-0.16404242914454592,-0.7429780368820188,-0.20563003635146473,0.004853452731209157,0.5620578615119156,-0.005894370705728055,0.7181616302720688,0.0,0.0,0.0
355696.8448161,1404514,200.0,0.015201212500943244,0.005,vicon_frame_time,1,200.0,False,0.95,7,False,so3_window,0.872751843390143,0.05506457324216338,True,tracking,False,False,True,0,1.2999999999999998,False,x_w_outside_launch_gate,,False,x_w_outside_launch_gate,0.3945269544051393,2.0647788327945626,1.4752492763054696,4.211807668824201,-10.350156315988487,-9.178307185102849,0.7567102455904532,0.539143107935392,0.01865977274585543,0.723349388949037,0.3945269544051393,2.0647788327945626,1.4752492763054696,0.07350991128172923,-0.18064430581008573,-0.16019168013949736,-0.7295057550126788,-0.20082046371787232,0.010143497280734104,0.539143107935392,0.01865977274585543,0.723349388949037,0.0,0.0,0.0
355696.8504179,1404515,200.0,0.015210687500269757,0.005,vicon_frame_time,1,200.0,False,0.95,7,False,so3_window,1.56888731130065,1.5208083320680865,True,tracking,False,False,True,0,1.2999999999999998,False,x_w_outside_launch_gate,,False,x_w_outside_launch_gate,0.39076664798003113,2.064477416169988,1.4757889662019306,4.254187999716738,-9.913963512416942,-9.08574527113085,0.7577540964102003,0.48341238763121175,0.27254860054728564,0.636922126121914,0.39076664798003113,2.064477416169988,1.4757889662019306,0.07424958759388867,-0.17303130521425736,-0.15857616997873825,-0.7322070767464515,-0.1947885942639713,0.011021385281409252,0.48341238763121175,0.27254860054728564,0.636922126121914,0.0,0.0,0.0
355696.8566849,1404517,200.0,0.015117802500219117,0.01,vicon_frame_time,2,200.0,False,0.95,7,False,so3_window,0.7359701284878191,0.16830152712357727,True,tracking,False,False,True,0,1.2999999999999998,False,x_w_outside_launch_gate,,False,x_w_outside_launch_gate,0.38353786823103864,2.0636474759871044,1.476974040734607,4.442992295506738,-9.928844878954227,-8.740117416749602,0.7496235132351482,0.4686111589929615,0.19746686248925438,0.6243438808650618,0.38353786823103864,2.0636474759871044,1.476974040734607,0.07754484419733343,-0.1732910340575291,-0.15254382593318194,-0.7248362078331985,-0.19061297252721915,0.014648485018339277,0.4686111589929615,0.19746686248925438,0.6243438808650618,0.0,0.0,0.0
355696.8627475,1404518,200.0,0.014960802499819697,0.005,vicon_frame_time,1,200.0,False,0.95,7,False,so3_window,0.8282593230294862,0.16413947155907319,True,tracking,False,False,True,0,1.2999999999999998,False,x_w_outside_launch_gate,,False,x_w_outside_launch_gate,0.38004097712704077,2.0632654504356225,1.4777685204962232,4.5579779865374155,-9.880189312107888,-8.557156099032833,0.7431341176847621,0.475714370405409,0.20100305038212232,0.622598194607024,0.38004097712704077,2.0632654504356225,1.4777685204962232,0.07955172309849967,-0.17244183421663628,-0.14935054853523688,-0.7192036691446667,-0.18698691704262513,0.005503817843386827,0.475714370405409,0.20100305038212232,0.622598194607024,0.0,0.0,0.0
355696.8687618,1404519,200.0,0.014942635000627176,0.005,vicon_frame_time,1,200.0,False,0.95,7,False,so3_window,1.3186973378389084,0.7702384713830169,True,tracking,False,False,True,0,1.2999999999999998,False,x_w_outside_launch_gate,,False,x_w_outside_launch_gate,0.3768129494420793,2.06273197792025,1.478873226957268,4.80827514577022,-10.01652970476624,-8.348704279277946,0.7300074378553311,0.5630004461302439,0.09819547823006382,0.6443591196522347,0.3768129494420793,2.06273197792025,1.478873226957268,0.08392023263550064,-0.17482142297198644,-0.14571237794874037,-0.7048462572578886,-0.18946824918385247,-0.014296695592229736,0.5630004461302439,0.09819547823006382,0.6443591196522347,0.0,0.0,0.0
355696.8749381,1404520,200.0,0.015087435000898238,0.005,vicon_frame_time,1,200.0,False,0.95,7,False,so3_window,1.143793417567618,1.0433333060974352,True,tracking,False,False,True,0,1.2999999999999998,False,x_w_outside_launch_gate,,False,x_w_outside_launch_gate,0.3732105686196423,2.0623619143639176,1.4790201694781884,4.795686529976384,-9.717887030600165,-8.212278042664442,0.7270428977921995,0.47544052261660624,0.2615162561361499,0.6003406092039919,0.3732105686196423,2.0623619143639176,1.4790201694781884,0.08370051984162963,-0.1696091250208278,-0.14333129093372987,-0.703401988601635,-0.18367015884687257,0.009071406203480029,0.47544052261660624,0.2615162561361499,0.6003406092039919,0.0,0.0,0.0
355696.8808941,1404521,200.0,0.015073442500219629,0.005,vicon_frame_time,1,200.0,False,0.95,7,False,so3_window,0.7918059453365249,0.08440178532066551,True,tracking,False,False,True,0,1.2999999999999998,False,x_w_outside_launch_gate,,False,x_w_outside_launch_gate,0.3698273462639614,2.061933264516271,1.4797924078520823,4.914174548129507,-9.672299216274705,-8.043195122700148,0.7207246309397426,0.4816999388536258,0.25256288762293966,0.5946546370112684,0.3698273462639614,2.061933264516271,1.4797924078520823,0.08576852588256445,-0.16881346756206073,-0.14038023727146687,-0.6974081675674862,-0.18183720033018988,0.0010363539296683877,0.4816999388536258,0.25256288762293966,0.5946546370112684,0.0,0.0,0.0
355696.8867349,1404523,200.0,0.015194529999302743,0.01,vicon_frame_time,2,200.0,False,0.95,7,False,so3_window,0.9923887321411488,0.3557154309664145,True,tracking,False,False,True,0,1.2999999999999998,False,x_w_outside_launch_gate,,False,x_w_outside_launch_gate,0.36333945299872594,2.061001673130354,1.4812108972034905,5.239296569112877,-9.391953591628578,-7.720334268792137,0.7008090579625329,0.5347563373002305,0.3367108867176085,0.5696425115468774,0.36333945299872594,2.061001673130354,1.4812108972034905,0.09144297561946235,-0.1639205133684256,-0.1347452523449717,-0.6772939045856723,-0.1797908788202594,-0.009030084521523651,0.5347563373002305,0.3367108867176085,0.5696425115468774,0.0,0.0,0.0
355696.8927381,1404524,200.0,0.014802930000609761,0.005,vicon_frame_time,1,200.0,False,0.95,7,False,so3_window,0.5932400860248229,0.5923630433101742,True,tracking,False,False,True,0,1.2999999999999998,False,x_w_outside_launch_gate,,False,x_w_outside_launch_gate,0.35993097123911744,2.0605671460617807,1.481756396502858,5.234324224773442,-9.460594560685486,-7.564124854670038,0.6996166142999231,0.4576179917142702,0.2490041687046632,0.5676244672477583,0.35993097123911744,2.0605671460617807,1.481756396502858,0.0913561918391963,-0.16511852428022822,-0.13201888374592974,-0.6767830700124343,-0.17726120887402402,-0.00255870622606999,0.4576179917142702,0.2490041687046632,0.5676244672477583,0.0,0.0,0.0
355696.8988965,1404525,200.0,0.015011587500042166,0.005,vicon_frame_time,1,200.0,False,0.95,7,False,so3_window,0.7748558555380988,0.2891263786155206,True,tracking,False,False,True,0,1.2999999999999998,False,x_w_outside_launch_gate,,False,x_w_outside_launch_gate,0.35662679204945924,2.060117199659903,1.482366766633576,5.342555045840443,-9.33859625593837,-7.430176404321836,0.6948105704052584,0.45704152104077567,0.2852648873402501,0.543031965707563,0.35662679204945924,2.060117199659903,1.482366766633576,0.09324517601895232,-0.1629892521805396,-0.12968104225940946,-0.6722088654948468,-0.17575248002372984,-0.002834724416936621,0.45704152104077567,0.2852648873402501,0.543031965707563,0.0,0.0,0.0
355696.9057515,1404526,200.0,0.014947289999230076,0.005,vicon_frame_time,1,200.0,False,0.95,7,False,so3_window,0.7246055948341521,0.06842202890710612,True,tracking,False,False,True,0,1.2999999999999998,False,x_w_outside_launch_gate,,False,x_w_outside_launch_gate,0.3534440945932573,2.059683668472883,1.4829109012665562,5.433137194538709,-9.242641269158277,-7.283888456293198,0.6851814913064538,0.4473058560162852,0.30118561779463593,0.5309037483655427,0.3534440945932573,2.059683668472883,1.4829109012665562,0.09482613275726814,-0.16131452172751937,-0.1271278359103234,-0.6631069195719663,-0.1725154795891005,-0.0011395380013142914,0.4473058560162852,0.30118561779463593,0.5309037483655427,0.0,0.0,0.0
355696.9118232,1404528,200.0,0.015167707500863475,0.01,vicon_frame_time,2,200.0,False,0.95,7,False,so3_window,0.7542859697222853,0.02825454040619983,True,tracking,False,False,True,0,1.2999999999999998,False,x_w_outside_launch_gate,,False,x_w_outside_launch_gate,0.3472385535454925,2.0589522968374836,1.48424626778134,5.648296819595772,-9.068162457098815,-6.984641347394638,0.6668413930654216,0.4506599481374205,0.3165047398578659,0.5169524432533913,0.3472385535454925,2.0589522968374836,1.48424626778134,0.09858137663187039,-0.15826929198211337,-0.1219049885829695,-0.6467757420217228,-0.1620386146151115,-0.010102990215638069,0.4506599481374205,0.3165047398578659,0.5169524432533913,0.0,0.0,0.0
355696.9175647,1404529,200.0,0.015218607499177455,0.005,vicon_frame_time,1,200.0,False,0.95,7,False,so3_window,0.7188263433036219,0.046079167673312035,True,tracking,False,False,True,0,1.2999999999999998,False,x_w_outside_launch_gate,,False,x_w_outside_launch_gate,0.344178159720534,2.058516397266838,1.4849491599281561,5.757425859184884,-8.983648147303573,-6.847982956386271,0.6594843087441437,0.4515114243553935,0.32048170352279953,0.5040388378722254,0.344178159720534,2.058516397266838,1.4849491599281561,0.10048603768223963,-0.15679423901113587,-0.11951984970939566,-0.6392963527158348,-0.16123345130227398,-0.014949952010926429,0.4515114243553935,0.32048170352279953,0.5040388378722254,0.0,0.0,0.0
355696.9236505,1404530,200.0,0.015150535000818982,0.005,vicon_frame_time,1,200.0,True,0.5,7,True,so3_window_spike_downweighted,594.4397036578024,10.206783128191491,True,tracking,False,False,False,0,1.2999999999999998,False,x_w_outside_launch_gate,,False,x_w_outside_launch_gate,0.3401205547548414,2.0600590116907367,1.4806510828095194,176.92591056722887,22.598350767277378,3.6576531138979873,0.6848509271719696,0.45245750044330735,0.3338830293362189,0.49653341471139645,0.3401205547548414,2.0600590116907367,1.4806510828095194,3.087939671487172,0.39441562640957706,0.06383808973334304,-0.6597285688574231,-0.05671513063228842,0.17482105662363778,0.45245750044330735,0.3338830293362189,0.49653341471139645,0.0,0.0,0.0
355696.9296439,1404531,200.0,0.015125635000392995,0.005,vicon_frame_time,1,200.0,False,0.95,7,False,so3_window,0.9620814830301294,0.5030106267914193,True,tracking,False,False,True,0,1.2999999999999998,False,x_w_outside_launch_gate,,False,x_w_outside_launch_gate,0.33725347733229727,2.059509405718582,1.481321249838253,177.0789018903012,22.596662416701722,3.4797743480370653,0.657062836240369,0.5058219265370153,0.2742178319114081,0.5092398761754512,0.33725347733229727,2.059509405718582,1.481321249838253,3.0906098738017667,0.39438615913310393,0.06073351959968587,-0.620578232833754,-0.02941018376863271,0.2138907870663628,0.5058219265370153,0.2742178319114081,0.5092398761754512,0.0,0.0,0.0
355696.9354972,1404532,200.0,0.015145070000606756,0.005,vicon_frame_time,1,200.0,False,0.95,7,False,so3_window,0.8727295624144656,0.2627960549783036,True,tracking,False,False,True,0,1.2999999999999998,False,x_w_outside_launch_gate,,False,x_w_outside_launch_gate,0.33439739374487454,2.059079205178485,1.4819288276692866,177.20570154015925,22.5324627118541,3.3170611563129695,0.6377877772231256,0.5316128141098372,0.2614595186595991,0.5135362431133667,0.33439739374487454,2.059079205178485,1.4819288276692866,3.0928229451821654,0.39326566290470444,0.05789363866767161,-0.590618051726205,-0.012908388731894664,0.24036834078285665,0.5316128141098372,0.2614595186595991,0.5135362431133667,0.0,0.0,0.0
355696.9415698,1404534,200.0,0.0144128750004353,0.01,vicon_frame_time,2,200.0,False,0.95,7,False,so3_window,0.9249442901802973,0.19695472912519477,True,tracking,False,False,True,0,1.2999999999999998,False,x_w_outside_launch_gate,,False,x_w_outside_launch_gate,0.3288951444997368,2.0582952593472346,1.4829901872957185,177.4517802772709,22.41038165200909,2.948257673635984,0.6061598246606419,0.5742529063245797,0.23883902632294646,0.54036918839098,0.3288951444997368,2.0582952593472346,1.4829901872957185,3.0971178293639134,0.3911349464560847,0.051456803602136336,-0.543769287948425,0.009631172419932827,0.26767879078197526,0.5742529063245797,0.23883902632294646,0.54036918839098,0.0,0.0,0.0
355696.9472225,1404535,200.0,0.014380475001108273,0.005,vicon_frame_time,1,200.0,False,0.95,7,False,so3_window,0.9359793541544021,0.22934741096444594,True,tracking,False,False,True,0,1.2999999999999998,False,x_w_outside_launch_gate,,False,x_w_outside_launch_gate,0.32612133478074723,2.057935831543317,1.4833077053018935,177.54088865949163,22.252160717253382,2.781939550358946,0.5963680940878937,0.567149887313907,0.2870862155566813,0.5437466396683692,0.32612133478074723,2.057935831543317,1.4833077053018935,3.0986730640247906,0.38837347019901447,0.04855400474521421,-0.5327945951341415,0.016618780870365005,0.26741099297571125,0.567149887313907,0.2870862155566813,0.5437466396683692,0.0,0.0,0.0
355696.9530563,1404536,200.0,0.014451547500186776,0.005,vicon_frame_time,1,200.0,False,0.95,7,False,so3_window,0.9746501890134409,0.3263956684872855,True,tracking,False,False,True,0,1.2999999999999998,False,x_w_outside_launch_gate,,False,x_w_outside_launch_gate,0.3234802871816065,2.0574615661743327,1.4840258888091034,177.70660713696805,22.27519066910497,2.61253772215715,0.5852921007547238,0.6063768319405103,0.22206722194472994,0.5436951110632054,0.3234802871816065,2.0574615661743327,1.4840258888091034,3.1015653970881463,0.38877541868540044,0.045597385084195086,-0.511547201726466,0.027605193668364517,0.2830622844785794,0.6063768319405103,0.22206722194472994,0.5436951110632054,0.0,0.0,0.0
355696.9591761,1404537,200.0,0.01425714750058664,0.005,vicon_frame_time,1,200.0,False,0.95,7,False,so3_window,0.9208499301257058,0.25774074811704206,True,tracking,False,False,True,0,1.2999999999999998,False,x_w_outside_launch_gate,,False,x_w_outside_launch_gate,0.3208740872291047,2.0570335827144444,1.4842603820161704,177.7927604896248,22.14998095440822,2.427039784550144,0.5729229886803213,0.5962333977006284,0.2539223245636474,0.5557724924322689,0.3208740872291047,2.0570335827144444,1.4842603820161704,3.1030690567536388,0.38659009690845947,0.042359835317293815,-0.5022577726163839,0.03532149630481819,0.2733683827797374,0.5962333977006284,0.2539223245636474,0.5557724924322689,0.0,0.0,0.0
355696.9651504,1404538,200.0,0.01537273500004326,0.005,vicon_frame_time,1,200.0,False,0.95,7,False,so3_window,0.9661495236201201,0.16818291824883347,True,tracking,False,False,True,0,1.2999999999999998,False,x_w_outside_launch_gate,,False,x_w_outside_launch_gate,0.31829284464793517,2.0568029111066015,1.4846973206376182,177.91312394242547,22.03964883663151,2.2442845026618654,0.5622038937885133,0.6068784696754915,0.2720554930229676,0.5639944584978307,0.31829284464793517,2.0568029111066015,1.4846973206376182,3.1051697953040787,0.3846644381825577,0.03917015392293299,-0.49028524389951605,0.03287531396580353,0.27315345785292183,0.6068784696754915,0.2720554930229676,0.5639944584978307,0.0,0.0,0.0
355696.9707854,1404539,200.0,0.015328607501518592,0.005,vicon_frame_time,1,200.0,False,0.95,7,False,so3_window,0.9068199505316344,0.10663598736984307,True,tracking,False,False,True,0,1.2999999999999998,False,x_w_outside_launch_gate,,False,x_w_outside_launch_gate,0.31578756317365775,2.0562610576731117,1.4851868640081443,178.05511969788884,22.003460236993252,2.076505185091204,0.552618438844762,0.6249420205628027,0.2445692279247594,0.5611685907605358,0.31578756317365775,2.0562610576731117,1.4851868640081443,3.1076480887607714,0.3840328279671841,0.03624185241457578,-0.4771987866858664,0.045282422879879915,0.2749871980927234,0.6249420205628027,0.2445692279247594,0.5611685907605358,0.0,0.0,0.0
355696.9769226,1404541,200.0,0.01506578249920351,0.01,vicon_frame_time,2,200.0,False,0.95,7,False,so3_window,0.8822845394282377,0.0196292063665503,True,tracking,False,False,True,0,1.2999999999999998,False,x_w_outside_launch_gate,,False,x_w_outside_launch_gate,0.3109826408690122,2.0554278321384416,1.4859905371484086,178.29151564739112,21.877696212181785,1.727060972078319,0.5294304454878451,0.6295435961922545,0.2317643953829012,0.5645060037950902,0.3109826408690122,2.0554278321384416,1.4859905371484086,3.1117739764179646,0.38183783165366414,0.03014290034546052,-0.45400740163269815,0.054281371852089005,0.2668846352678237,0.6295435961922545,0.2317643953829012,0.5645060037950902,0.0,0.0,0.0
355696.9826089,1404542,200.0,0.01532688249919231,0.005,vicon_frame_time,1,200.0,False,0.95,7,False,so3_window,1.3877215747922567,1.0847096148767381,True,tracking,False,False,True,0,1.2999999999999998,False,x_w_outside_launch_gate,,False,x_w_outside_launch_gate,0.3088403327660125,2.0550992427383967,1.4871573671150975,178.4999524087769,22.114291835806917,1.550728490103206,0.5159664688475664,0.6843082885158784,0.05287409240092736,0.5616497133211724,0.3088403327660125,2.0550992427383967,1.4871573671150975,3.11541188418634,0.3859672042817319,0.027065317956781243,-0.42114156864475405,0.05399954724217153,0.2931641605519049,0.6843082885158784,0.05287409240092736,0.5616497133211724,0.0,0.0,0.0
355696.9885982,1404543,200.0,0.015242777499012799,0.005,vicon_frame_time,1,200.0,False,0.95,7,False,so3_window,0.9539839751702434,0.33121910959094003,True,tracking,False,False,True,0,1.2999999999999998,False,x_w_outside_launch_gate,,False,x_w_outside_launch_gate,0.3065832537061324,2.0547292306195133,1.4871175704423787,178.566591723885,21.973538685599248,1.3497655288655885,0.5007247313251367,0.6529050146823762,0.12315105170061265,0.5784713169934633,0.3065832537061324,2.0547292306195133,1.4871175704423787,3.1165749596462504,0.383510598378054,0.023557852608627083,-0.42197532627573264,0.056821504089563095,0.26350217693241007,0.6529050146823762,0.12315105170061265,0.5784713169934633,0.0,0.0,0.0
355696.994384,1404544,200.0,0.015039777499411638,0.005,vicon_frame_time,1,200.0,False,0.95,7,False,so3_window,1.0495001825666932,0.46353939940503197,True,tracking,False,False,True,0,1.2999999999999998,False,x_w_outside_launch_gate,,False,x_w_outside_launch_gate,0.30412406600205344,2.0543033726038895,1.4871295315615476,178.63833132766007,21.74504039749252,1.1927598987691272,0.49917493763005333,0.6198316517166341,0.23345860812956304,0.5700508460009707,0.30412406600205344,2.0543033726038895,1.4871295315615476,3.1178270519362012,0.379522550915421,0.02081758741927553,-0.4305534359423618,0.06119189407216191,0.2450610316963011,0.6198316517166341,0.23345860812956304,0.5700508460009707,0.0,0.0,0.0
355697.0003575,1404545,200.0,0.015561645000440633,0.005,vicon_frame_time,1,200.0,True,0.5,7,True,so3_window_spike_downweighted,597.8102218381348,10.58353246098679,True,tracking,False,False,False,0,1.2999999999999998,False,x_w_outside_launch_gate,,False,x_w_outside_launch_gate,0.30414060857241054,2.0523382304870452,1.4934772501871691,7.065074217704495,-8.467868753567243,-4.117583349266285,0.526460376534092,0.6244185421721266,0.22632406799272517,0.5705799957992425,0.30414060857241054,2.0523382304870452,1.4934772501871691,0.1233088069967061,-0.1477921903764967,-0.07186538666999231,-0.4129274766196643,-0.20688284876994537,-0.25268738393075024,0.6244185421721266,0.22632406799272517,0.5705799957992425,0.0,0.0,0.0
355697.0065096,1404547,200.0,0.014921252499350751,0.01,vicon_frame_time,2,200.0,False,0.95,7,False,so3_window,0.6978295542934877,0.3149623331297081,True,tracking,False,False,True,0,1.2999999999999998,False,x_w_outside_launch_gate,,False,x_w_outside_launch_gate,0.3000212403802043,2.0516230045861548,1.4938291804674397,7.175338500894717,-8.2666972351544,-3.805770693995717,0.462864130588887,0.5198874414142093,0.28227188766349415,0.5469258993204751,0.3000212403802043,2.0516230045861548,1.4938291804674397,0.1252332817857269,-0.1442810850189562,-0.06642322918613486,-0.41060914745174865,-0.1618659412922759,-0.1394372563711716,0.5198874414142093,0.28227188766349415,0.5469258993204751,0.0,0.0,0.0
355697.0124184,1404548,200.0,0.015043052499111448,0.005,vicon_frame_time,1,200.0,False,0.95,7,False,so3_window,1.4447693750895187,1.226655316527061,True,tracking,False,False,True,0,1.2999999999999998,False,x_w_outside_launch_gate,,False,x_w_outside_launch_gate,0.2976572855189872,2.0512393645398275,1.4934123704294568,7.115857287345273,-7.869568662161425,-3.6967721445647936,0.44974017857989335,0.4075298489128337,0.47229068355873066,0.4893272410174698,0.2976572855189872,2.0512393645398275,1.4934123704294568,0.12419513876620725,-0.13734988386648217,-0.06452084561866744,-0.4189431795908028,-0.14506255507059318,-0.07556252788131039,0.4075298489128337,0.47229068355873066,0.4893272410174698,0.0,0.0,0.0
355697.0184212,1404549,200.0,0.01522968249989646,0.005,vicon_frame_time,1,200.0,True,0.95,7,False,so3_window,18.83772631778675,6.763881003775319,True,tracking,False,False,True,0,1.2999999999999998,False,x_w_outside_launch_gate,,False,x_w_outside_launch_gate,0.2966689612273301,2.0474692550665052,1.4949169108402738,12.327278353056045,-8.83833584308794,-3.188979734754836,0.47817421748041916,1.339650564541781,-0.11278304163394809,0.7911856433668893,0.2966689612273301,2.0474692550665052,1.4949169108402738,0.21515159507065196,-0.15425806085891347,-0.05565819615084733,-0.3723229967987405,-0.29258811303496307,-0.06647077875620197,1.339650564541781,-0.11278304163394809,0.7911856433668893,0.0,0.0,0.0
355697.0243323,1404550,200.0,0.015129382500138325,0.005,vicon_frame_time,1,200.0,False,0.95,7,False,so3_window,1.4891960281710686,0.8425537806171808,True,tracking,False,False,True,0,1.2999999999999998,False,x_w_outside_launch_gate,,False,x_w_outside_launch_gate,0.29494018195220395,2.047179704242423,1.4953101590244446,12.628179304474681,-8.87328162366968,-2.931344407294064,0.44506898358071656,1.3145058380028023,-0.08183647183134679,0.8083162498671265,0.29494018195220395,2.047179704242423,1.4953101590244446,0.22040330739529068,-0.15486797978974431,-0.0511616114172031,-0.36844211510305874,-0.24415859541097248,-0.05218609250459018,1.3145058380028023,-0.08183647183134679,0.8083162498671265,0.0,0.0,0.0
355697.0303541,1404551,200.0,0.014985494999994598,0.005,vicon_frame_time,1,200.0,False,0.95,7,False,so3_window,1.1033193350016839,1.2510159534957377,True,tracking,False,False,True,0,1.2999999999999998,False,x_w_outside_launch_gate,,False,x_w_outside_launch_gate,0.2930273239152421,2.046880280653814,1.4950396383194289,12.420511157144059,-8.633255568495771,-2.912600663599476,0.4197595747612559,0.9762493788170821,0.07046570125393589,0.6538291689112681,0.2930273239152421,2.046880280653814,1.4950396383194289,0.21677881447285463,-0.15067873483638605,-0.05083447137558261,-0.36775149527453055,-0.20184264093226795,-0.014713484583364134,0.9762493788170821,0.07046570125393589,0.6538291689112681,0.0,0.0,0.0
355697.0360834,1404552,200.0,0.015173102501624925,0.005,vicon_frame_time,1,200.0,True,0.5,7,True,so3_window_spike_downweighted,583.3052752240037,8.83781212739836,True,tracking,False,False,False,0,1.2999999999999998,False,x_w_outside_launch_gate,,False,x_w_outside_launch_gate,0.2890934058596226,2.051378767521306,1.4883172993428317,179.38029569800605,21.451090840832297,-0.15718995231297528,0.5085752299015678,0.8196624245405622,0.07100400090324438,0.6175878388291893,0.2890934058596226,2.051378767521306,1.4883172993428317,3.1307767731312257,0.3743921633169225,-0.002743482218914295,-0.5039331528608819,-0.061735690025729,-0.029813528710481624,0.8196624245405622,0.07100400090324438,0.6175878388291893,0.0,0.0,0.0
355697.0420111,1404554,200.0,0.015175530000185893,0.01,vicon_frame_time,2,200.0,False,0.95,7,False,so3_window,1.5313507507734392,0.8891169663139409,True,tracking,False,False,True,0,1.2999999999999998,False,x_w_outside_launch_gate,,False,x_w_outside_launch_gate,0.28560644837366533,2.050914858925429,1.488047769754272,179.77652736387392,20.70290642041302,-0.2855409870051282,0.43790729323727196,0.8055710485323718,0.4364269504573469,0.4993741396889221,0.28560644837366533,2.050914858925429,1.488047769754272,3.137692320301282,0.3613338817684806,-0.004983630372633829,-0.43720579158512335,-0.017969317146699106,0.017058631718316092,0.8055710485323718,0.4364269504573469,0.4993741396889221,0.0,0.0,0.0
355697.0480582,1404555,200.0,0.0153239299987653,0.005,vicon_frame_time,1,200.0,False,0.95,7,False,so3_window,2.2796500581788646,2.470580011986911,True,tracking,False,False,True,0,1.2999999999999998,False,x_w_outside_launch_gate,,False,x_w_outside_launch_gate,0.2844574903486863,2.0503510116465704,1.4881308418592032,179.60095877058947,21.290554926965157,-0.5814867869157534,0.38812112534867504,0.6308535385303173,0.020922809979974533,0.5750317032795956,0.2844574903486863,2.0503510116465704,1.4881308418592032,3.1346280702853733,0.37159028305224284,-0.01014885898852258,-0.38595478148114737,0.013051377036546585,0.03881463836249942,0.6308535385303173,0.020922809979974533,0.5750317032795956,0.0,0.0,0.0
355697.0541046,1404556,200.0,0.01519411750103428,0.005,vicon_frame_time,1,200.0,False,0.95,7,False,so3_window,1.0108816212444913,0.17483008849779968,True,tracking,False,False,True,0,1.2999999999999998,False,x_w_outside_launch_gate,,False,x_w_outside_launch_gate,0.28299862267958487,2.05064227586343,1.4895947093110018,179.72806510267327,21.49542869136366,-0.7021151264785724,0.3559602426140119,0.6252569999599993,-0.1021412042538042,0.543836143879947,0.28299862267958487,2.05064227586343,1.4895947093110018,3.136846494280369,0.37516600479195183,-0.012254220685107509,-0.33668618839253533,-0.0017256657565604034,0.11552976648997881,0.6252569999599993,-0.1021412042538042,0.543836143879947,0.0,0.0,0.0
355697.0597268,1404557,200.0,0.015309884998888537,0.005,vicon_frame_time,1,200.0,False,0.95,7,False,so3_window,1.2540562256888546,1.1144631604354394,True,tracking,False,False,True,0,1.2999999999999998,False,x_w_outside_launch_gate,,False,x_w_outside_launch_gate,0.28186536143827556,2.0497893204627546,1.4879063553680816,179.73057903787418,21.176824305283525,-0.8671945645760842,0.34005718385866074,0.5574498218520697,0.0998232162254533,0.5435285324039889,0.28186536143827556,2.0497893204627546,1.4879063553680816,3.1368903707268068,0.3696053092435583,-0.015135400407251254,-0.3358967598500593,0.03837836313206552,0.03659721655287343,0.5574498218520697,0.0998232162254533,0.5435285324039889,0.0,0.0,0.0
355697.0652971,1404558,200.0,0.015611459999517087,0.005,vicon_frame_time,1,200.0,False,0.95,7,False,so3_window,0.6337464601007496,0.08510844727090833,True,tracking,False,False,True,0,1.2999999999999998,False,x_w_outside_launch_gate,,False,x_w_outside_launch_gate,0.28071934677824606,2.049511889143026,1.4877998503855279,179.79797499266923,21.160756174618502,-1.01242723327434,0.3160887970454341,0.5342616327349214,0.0922094860816527,0.5317691259065151,0.28071934677824606,2.049511889143026,1.4877998503855279,3.1380666520405054,0.369324867458813,-0.017670188657493924,-0.3101858922442298,0.043706456291779015,0.04226802040190046,0.5342616327349214,0.0922094860816527,0.5317691259065151,0.0,0.0,0.0
355697.071562,1404559,200.0,0.015023647499992037,0.005,vicon_frame_time,1,200.0,False,0.95,7,False,so3_window,0.5430990595143259,0.10814190115095022,True,tracking,False,False,True,0,1.2999999999999998,False,x_w_outside_launch_gate,,False,x_w_outside_launch_gate,0.2796126922558404,2.0492710396945686,1.4876963573111497,179.84948207110335,21.124457382023444,-1.137312357171749,0.2958148390510346,0.5013881722481187,0.09775068707867458,0.5109691243411365,0.2796126922558404,2.0492710396945686,1.4876963573111497,3.138965620147264,0.3686913340135307,-0.019849845256264764,-0.28853544526683045,0.046183519373021086,0.04605212661520836,0.5013881722481187,0.09775068707867458,0.5109691243411365,0.0,0.0,0.0
355697.0775905,1404561,200.0,0.015338040000705476,0.01,vicon_frame_time,2,200.0,False,0.95,7,False,so3_window,0.7581481608031481,0.3882676001043317,True,tracking,False,False,True,0,1.2999999999999998,False,x_w_outside_launch_gate,,False,x_w_outside_launch_gate,0.27781809193169504,2.0487060074424197,1.4879239463479237,-179.8708002424259,21.279519648748153,-1.3470195295485752,0.25028055143361433,0.5367021417454317,-0.011423723966301466,0.46066033370020104,0.27781809193169504,2.0487060074424197,1.4879239463479237,-3.1393376924273464,0.3713976811134825,-0.023509925879287685,-0.23666539999291006,0.05276657192417737,0.06201235166868438,0.5367021417454317,-0.011423723966301466,0.46066033370020104,0.0,0.0,0.0
355697.0835379,1404562,200.0,0.014725639999659578,0.005,vicon_frame_time,1,200.0,False,0.95,7,False,so3_window,0.8880293526340574,0.8634226562512621,True,tracking,False,False,True,0,1.2999999999999998,False,x_w_outside_launch_gate,,False,x_w_outside_launch_gate,0.276870233365476,2.048500118313791,1.487181090885777,-179.92064758775504,21.043691355396124,-1.448346902395509,0.2428024603841155,0.4395283108518926,0.12778568226999126,0.4386075043236755,0.276870233365476,2.048500118313791,1.487181090885777,-3.140207692726719,0.36728170092513057,-0.02527842215786258,-0.23514686152210448,0.05152245839561954,0.03169265791560934,0.4395283108518926,0.12778568226999126,0.4386075043236755,0.0,0.0,0.0
355697.089745,1404563,200.0,0.014296754999651825,0.005,vicon_frame_time,1,200.0,False,0.95,7,False,so3_window,0.5024112696301426,0.3402326248958675,True,tracking,False,False,True,0,1.2999999999999998,False,x_w_outside_launch_gate,,False,x_w_outside_launch_gate,0.2761842227001816,2.0482371570788924,1.4869071356823549,-179.9674487644342,21.059935099622667,-1.601336017666854,0.22305183686716026,0.3710145060319706,0.09711757455691761,0.44858076910985695,0.2761842227001816,2.0482371570788924,1.4869071356823549,-3.141024527353578,0.36756520774473556,-0.02794858593906069,-0.2152959628115454,0.05306657526354653,0.024160068639436483,0.3710145060319706,0.09711757455691761,0.44858076910985695,0.0,0.0,0.0
355697.0963046,1404564,200.0,0.015571172501241966,0.005,vicon_frame_time,1,200.0,False,0.95,7,False,so3_window,0.4394810157301084,0.09122591238209743,True,tracking,False,False,True,0,1.2999999999999998,False,x_w_outside_launch_gate,,False,x_w_outside_launch_gate,0.2755609894172055,2.048007821111374,1.4867097295029321,-179.9183034253348,21.035140245609437,-1.6982842851150786,0.20404008546013683,0.3580261854274875,0.0954087675796157,0.4264411140708249,0.2755609894172055,2.048007821111374,1.4867097295029321,-3.1401667793742845,0.3671324559046534,-0.029640652410136248,-0.1961035815614674,0.052577187259687276,0.020282533204819743,0.3580261854274875,0.0954087675796157,0.4264411140708249,0.0,0.0,0.0
355697.1022579,1404565,200.0,0.015292067500616489,0.005,vicon_frame_time,1,200.0,False,0.95,7,False,so3_window,0.4137517285845101,0.15853917673587603,True,tracking,False,False,True,0,1.2999999999999998,False,x_w_outside_launch_gate,,False,x_w_outside_launch_gate,0.27508257032466066,2.047803704817187,1.4866929420139936,-179.86249119434254,21.060597791255372,-1.7816238508958768,0.1810672580102798,0.34823822330951837,0.06478190352335374,0.40064478457399216,0.27508257032466066,2.047803704817187,1.4866929420139936,-3.1391926721805854,0.3675767738956517,-0.031095202230193575,-0.1722992940359869,0.05086893887832518,0.022597704650140535,0.34823822330951837,0.06478190352335374,0.40064478457399216,0.0,0.0,0.0
355697.1080876,1404567,200.0,0.015547865000012083,0.01,vicon_frame_time,2,200.0,False,0.95,7,False,so3_window,0.41063394361959893,0.284146779870189,True,tracking,False,False,True,0,1.2999999999999998,False,x_w_outside_launch_gate,,False,x_w_outside_launch_gate,0.2742671167387707,2.0474381077804074,1.4861251765022152,-179.84044527882284,20.886616963831194,-1.9307732015229064,0.14930282502290879,0.2840625287607362,0.13574794405250673,0.35371995509485377,0.2742671167387707,2.0474381077804074,1.4861251765022152,-3.13880789836815,0.36454023562175575,-0.03369834947584671,-0.14181898711660665,0.046536234765699555,0.0036176383004353427,0.2840625287607362,0.13574794405250673,0.35371995509485377,0.0,0.0,0.0
355697.1141745,1404568,200.0,0.015223965000227312,0.005,vicon_frame_time,1,200.0,True,0.5,7,True,so3_window_spike_downweighted,603.3376997599062,10.233765835810347,True,tracking,False,False,False,0,1.2999999999999998,False,x_w_outside_launch_gate,,False,x_w_outside_launch_gate,0.2766451162148189,2.0454103916177626,1.4920758490861372,7.631776878839606,-7.4235835600672235,-1.1765000361975932,0.25885766275448213,0.2501923979770528,0.12488461808198141,0.3480817911205336,0.2766451162148189,2.0454103916177626,1.4920758490861372,0.1331996343133275,-0.1295659754200953,-0.02053379928148047,-0.02650690903578664,-0.1517229188446689,-0.2080500642569854,0.2501923979770528,0.12488461808198141,0.3480817911205336,0.0,0.0,0.0
355697.1205386,1404569,200.0,0.015164704998829187,0.005,vicon_frame_time,1,200.0,False,0.95,7,False,so3_window,2.1542475277347237,2.084648296564474,True,tracking,False,False,True,0,1.2999999999999998,False,x_w_outside_launch_gate,,False,x_w_outside_launch_gate,0.2754558779949545,2.0454212507332286,1.491407204994746,7.631592464316831,-6.848582782593186,-1.4006294037724683,0.18316212320179512,0.19218539957433972,0.41845947665815475,0.11739407907989918,0.2754558779949545,2.0454212507332286,1.491407204994746,0.13319641567271656,-0.1195303186516461,-0.024445594696074657,-0.06741008848434393,-0.11407395872319767,-0.12645700964177786,0.19218539957433972,0.41845947665815475,0.11739407907989918,0.0,0.0,0.0
355697.126286,1404571,200.0,0.01496557250028608,0.01,vicon_frame_time,2,200.0,False,0.95,7,False,so3_window,0.3923015298533731,0.3012128980986096,True,tracking,False,False,True,0,1.2999999999999998,False,x_w_outside_launch_gate,,False,x_w_outside_launch_gate,0.2753337994814058,2.04521592819933,1.491181288065924,7.720962372786367,-6.643551744182942,-1.3864686531490846,0.10995919008205512,0.18231763613474225,0.40052066351406174,0.07565326666713404,0.2753337994814058,2.04521592819933,1.491181288065924,0.13475621482771594,-0.11595185196260438,-0.024198442973142775,-0.04404950284252038,-0.07602562979643444,-0.0661117871251702,0.18231763613474225,0.40052066351406174,0.07565326666713404,0.0,0.0,0.0
355697.1322488,1404572,200.0,0.015207972499765028,0.005,vicon_frame_time,1,200.0,False,0.95,7,False,so3_window,0.22048745245327897,0.26843947251095623,True,tracking,False,False,True,0,1.2999999999999998,False,x_w_outside_launch_gate,,False,x_w_outside_launch_gate,0.2755299008174883,2.0451288413849493,1.4909746425506252,7.697103148698768,-6.598544338163866,-1.3462682483349044,0.07899874312853329,0.1407453858376417,0.36282945321833754,0.08255398186604339,0.2755299008174883,2.0451288413849493,1.4909746425506252,0.1343397928104162,-0.11516632453978959,-0.02349681354850075,-0.024448372090822977,-0.061638301213307316,-0.042939473000192394,0.1407453858376417,0.36282945321833754,0.08255398186604339,0.0,0.0,0.0
355697.1378723,1404573,200.0,0.015149815001365644,0.005,vicon_frame_time,1,200.0,False,0.95,7,False,so3_window,0.6224833361756298,0.3146842714128001,True,tracking,False,False,True,0,1.2999999999999998,False,x_w_outside_launch_gate,,False,x_w_outside_launch_gate,0.2757842105002015,2.045250702657642,1.4912341102468283,7.721609902793988,-6.422029113939367,-1.3419396405730266,0.06489666448503564,0.13183038366686592,0.4044596040404612,0.057497294041170446,0.2757842105002015,2.045250702657642,1.4912341102468283,0.13476751635835438,-0.11208555269717602,-0.023421265091028598,-0.00908335566210015,-0.044040939361589024,-0.04679172332098828,0.13183038366686592,0.4044596040404612,0.057497294041170446,0.0,0.0,0.0
355697.1438771,1404574,200.0,0.014914715001083826,0.005,vicon_frame_time,1,200.0,False,0.95,7,False,so3_window,0.22530802974167158,0.14349910287507214,True,tracking,False,False,True,0,1.2999999999999998,False,x_w_outside_launch_gate,,False,x_w_outside_launch_gate,0.2761550791257319,2.0451622031867496,1.4910988283708575,7.728370986501827,-6.363490447855324,-1.3163435393509946,0.04999700011287927,0.11544938443703857,0.37278477846320135,0.05800093836861279,0.2761550791257319,2.0451622031867496,1.4910988283708575,0.13488551953005912,-0.11106386023428394,-0.022974528849030396,0.01009806491906171,-0.03722245655175875,-0.031815371024555054,0.11544938443703857,0.37278477846320135,0.05800093836861279,0.0,0.0,0.0
355697.149946,1404575,200.0,0.015536292500354206,0.005,vicon_frame_time,1,200.0,False,0.95,7,False,so3_window,0.31167158588002863,0.48035651114732186,True,tracking,False,False,True,0,1.2999999999999998,False,x_w_outside_launch_gate,,False,x_w_outside_launch_gate,0.276596448248676,2.0449220506295562,1.4904851212280157,7.640878001390151,-6.3833359250603765,-1.3024248103725224,0.04706751256058656,0.046202214334231995,0.30028486515354286,0.057853261527283,0.276596448248676,2.0449220506295562,1.4904851212280157,0.133358478867462,-0.11141022915314158,-0.02273160120066331,0.030602399655302388,-0.03573913534933117,0.0012482301311495506,0.046202214334231995,0.30028486515354286,0.057853261527283,0.0,0.0,0.0
355697.1555186,1404576,200.0,0.015447432498862483,0.005,vicon_frame_time,1,200.0,False,0.95,7,False,so3_window,0.26474023070989455,0.10872713252596027,True,tracking,False,False,True,0,1.2999999999999998,False,x_w_outside_launch_gate,,False,x_w_outside_launch_gate,0.2771503946537077,2.0448770228140907,1.4903179326475016,7.590721642719912,-6.3263314601001435,-1.3010844199674443,0.057147823165485986,0.009406702381226692,0.28321064154564124,0.044583431518037564,0.2771503946537077,2.0448770228140907,1.4903179326475016,0.13248308526785513,-0.11041531355124778,-0.022708206974832557,0.04913232990695105,-0.02860745598101236,0.005788031855701947,0.009406702381226692,0.28321064154564124,0.044583431518037564,0.0,0.0,0.0
355697.1617884,1404578,200.0,0.015022737499955226,0.01,vicon_frame_time,2,200.0,False,0.95,7,False,so3_window,0.2535423490756831,0.06897415735744428,True,tracking,False,False,True,0,1.2999999999999998,False,x_w_outside_launch_gate,,False,x_w_outside_launch_gate,0.2786241909726561,2.0448118736377516,1.4898730483183138,7.518420409990905,-6.20198832344719,-1.315027888520137,0.09235228022120773,-0.03155832371894692,0.26209721534120356,0.01581316597549399,0.2786241909726561,2.0448118736377516,1.4898730483183138,0.13122119070348326,-0.10824511641439649,-0.022951566410225333,0.08955077803281097,-0.01705790914774483,0.014786126987212685,-0.03155832371894692,0.26209721534120356,0.01581316597549399,0.0,0.0,0.0
355697.1676307,1404579,200.0,0.015081137498989235,0.005,vicon_frame_time,1,200.0,False,0.95,7,False,so3_window,0.22667471093151026,0.0952669517863791,True,tracking,False,False,True,0,1.2999999999999998,False,x_w_outside_launch_gate,,False,x_w_outside_launch_gate,0.279509383193544,2.044789381091568,1.4897405331554445,7.497875940914673,-6.147244721975753,-1.34115236034946,0.11097586520043223,-0.03988601312822103,0.24801474455157235,-0.005965788342401111,0.279509383193544,2.044789381091568,1.4897405331554445,0.13086262207502886,-0.1072896603243203,-0.023407524458991524,0.10940776406477636,-0.013095503640726208,0.013194377731688064,-0.03988601312822103,0.24801474455157235,-0.005965788342401111,0.0,0.0,0.0
355697.173627,1404580,200.0,0.014816859999468353,0.005,vicon_frame_time,1,200.0,True,0.5,7,True,so3_window_spike_downweighted,7.064294731998669,6.7714274858122385,True,tracking,False,False,False,0,1.2999999999999998,False,x_w_outside_launch_gate,,False,x_w_outside_launch_gate,0.28104340562154295,2.0442826248970967,1.4909512594157812,9.305429949298677,-6.827462324704453,-0.9070464775361063,0.15983161101338636,-0.04913891726269368,0.23686522328571658,-0.009476239455803781,0.28104340562154295,2.0442826248970967,1.4909512594157812,0.16241039092895093,-0.1191616971219589,-0.01583094750162184,0.14675110044025194,-0.04175955442939461,-0.047606701340966354,-0.04913891726269368,0.23686522328571658,-0.009476239455803781,0.0,0.0,0.0
355697.1803136,1404581,200.0,0.014820360000653229,0.005,vicon_frame_time,1,200.0,False,0.95,7,False,so3_window,0.3633008116514451,0.3579492811413552,True,tracking,False,False,True,0,1.2999999999999998,False,x_w_outside_launch_gate,,False,x_w_outside_launch_gate,0.28214475444378495,2.0442168184177234,1.490797262511913,9.378821344927335,-6.761042180270618,-0.9490409812996272,0.17095569225918072,-0.0011398826425797967,0.23157851707995286,-0.03810892004151647,0.28214475444378495,2.0442168184177234,1.490797262511913,0.16369131242530477,-0.11800244691193829,-0.01656388986003643,0.1636634654620997,-0.03433759375025018,-0.03551124391223966,-0.0011398826425797967,0.23157851707995286,-0.03810892004151647,0.0,0.0,0.0
355697.18642,1404582,200.0,0.01524651499905473,0.005,vicon_frame_time,1,200.0,True,0.5,7,True,so3_window_spike_downweighted,16.720853007816714,6.255359339004463,True,tracking,False,False,False,0,1.2999999999999998,False,x_w_outside_launch_gate,,False,x_w_outside_launch_gate,0.2835026823482618,2.0408035777329303,1.4925271443094732,14.177858938954001,-7.08213527777088,-1.1447072390846025,0.2751619601089023,-0.019003429277989193,0.2195841305036982,-0.04130982856868197,0.2835026823482618,2.0408035777329303,1.4925271443094732,0.24745031936805706,-0.12360657866874503,-0.019978910293440233,0.18059703269994856,-0.19515898816049826,-0.07079396451052428,-0.019003429277989193,0.2195841305036982,-0.04130982856868197,0.0,0.0,0.0
355697.1924511,1404584,200.0,0.015023655000550994,0.01,vicon_frame_time,2,200.0,True,0.5,7,True,so3_window_spike_downweighted,7.334606716916496,6.365283510040813,True,tracking,False,False,False,0,1.2999999999999998,False,x_w_outside_launch_gate,,False,x_w_outside_launch_gate,0.2853639136238826,2.042241231704571,1.488469115710426,10.321677672317769,-5.797482072454144,-1.8644823765058942,0.2208780038212844,-0.043703180897139496,0.21099516609609353,-0.07036571704028878,0.2853639136238826,2.042241231704571,1.488469115710426,0.18014725971152945,-0.10118515048966925,-0.03254135631543642,0.1995635112842476,-0.027549217682565463,0.09056786483657393,-0.043703180897139496,0.21099516609609353,-0.07036571704028878,0.0,0.0,0.0
355697.1981072,1404585,200.0,0.015023155000381726,0.005,vicon_frame_time,1,200.0,False,0.95,7,False,so3_window,0.27909953224643613,0.17794688320039817,True,tracking,False,False,True,0,1.2999999999999998,False,x_w_outside_launch_gate,,False,x_w_outside_launch_gate,0.28696955260571855,2.042378741999367,1.488475443471762,10.401445001418429,-5.78807385717942,-1.8699918585386268,0.2346396122340904,0.009666346137994317,0.1806385877414937,-0.06275912276449452,0.28696955260571855,2.042378741999367,1.488475443471762,0.18153946223985784,-0.1010209461563889,-0.032637514916987076,0.22594305942829362,-0.01435716719910653,0.06163889417862546,0.009666346137994317,0.1806385877414937,-0.06275912276449452,0.0,0.0,0.0
355697.2040197,1404586,200.0,0.015106362500433903,0.005,vicon_frame_time,1,200.0,True,0.95,7,False,so3_window,591.8634652331642,10.147085404404844,True,tracking,False,False,True,0,1.2999999999999998,False,x_w_outside_launch_gate,,False,x_w_outside_launch_gate,0.28838493550507893,2.0460053240840224,1.4822934343922975,179.66355279577613,20.0164451000638,-2.0508997462259297,0.4317083709282101,1.0081006589628123,-0.8495146554241476,-1.0523442373626217,0.28838493550507893,2.0460053240840224,1.4822934343922975,3.1357205421169567,0.3493528715407992,-0.03579495319995862,0.09821771334313681,-0.14191495195499917,-0.3957089141360663,1.0081006589628123,-0.8495146554241476,-1.0523442373626217,0.0,0.0,0.0
355697.2096541,1404587,200.0,0.015248367499180529,0.005,vicon_frame_time,1,200.0,False,0.95,7,False,so3_window,1.6718837854596615,1.636048317323979,True,tracking,False,False,True,0,1.2999999999999998,False,x_w_outside_launch_gate,,False,x_w_outside_launch_gate,0.2893471673345891,2.046731452800388,1.482627341203431,179.5989197568486,19.594501410321797,-1.854469221333476,0.3610197851736851,0.7637501337072194,-0.4617476519067447,-0.9828873796058084,0.2893471673345891,2.046731452800388,1.482627341203431,3.134592482782102,0.34198856489678775,-0.03236659378916462,0.12327467549937188,-0.1430656990580961,-0.30768627759520994,0.7637501337072194,-0.4617476519067447,-0.9828873796058084,0.0,0.0,0.0
355697.2154258,1404588,200.0,0.015383087501095677,0.005,vicon_frame_time,1,200.0,False,0.95,7,False,so3_window,0.46848853711960586,0.5289137961159297,True,tracking,False,False,True,0,1.2999999999999998,False,x_w_outside_launch_gate,,False,x_w_outside_launch_gate,0.29124183230915923,2.046911337969693,1.4826847151701397,179.55465195441096,19.583747785655895,-1.742197348234178,0.34062522499865444,0.5887974852898568,-0.37807533961982986,-0.8805569259989993,0.29124183230915923,2.046911337969693,1.4826847151701397,3.1338198638769423,0.3418008787398441,-0.03040707994620062,0.17606084310693454,-0.12110404643580325,-0.26525823901763007,0.5887974852898568,-0.37807533961982986,-0.8805569259989993,0.0,0.0,0.0
355697.2214661,1404590,200.0,0.014928322499940885,0.01,vicon_frame_time,2,200.0,True,0.95,7,False,so3_window,296.04349966374207,9.44046671500719,True,tracking,False,False,True,0,1.2999999999999998,False,x_w_outside_launch_gate,,False,x_w_outside_launch_gate,0.29656584592166046,2.043308263487472,1.4874814642367742,10.11533734708667,-5.558595015227836,-2.3393787487246227,0.38095133371297196,-1.3635164334252932,0.8958216786980119,1.158207671809674,0.29656584592166046,2.043308263487472,1.4874814642367742,0.17654594165661086,-0.09701578480067008,-0.04082986161642976,0.3601649156532139,-0.07596131207154715,-0.09815819506579396,-1.3635164334252932,0.8958216786980119,1.158207671809674,0.0,0.0,0.0
355697.2270665,1404591,200.0,0.015354622499103323,0.005,vicon_frame_time,1,200.0,False,0.95,7,False,so3_window,5.420430752186257,5.78659858277131,True,tracking,False,False,True,0,1.2999999999999998,False,x_w_outside_launch_gate,,False,x_w_outside_launch_gate,0.3002925090113182,2.0445972314100413,1.4894713309013838,10.416573020118891,-6.7708019962927475,-1.4485804224105052,0.47385974066780234,-0.9053473250838171,0.14438140049053505,1.5978861903961774,0.3002925090113182,2.0445972314100413,1.4894713309013838,0.18180349597548418,-0.11817278783591334,-0.02528249785099357,0.43009091707171926,-0.02384958380184435,-0.19747418623871638,-0.9053473250838171,0.14438140049053505,1.5978861903961774,0.0,0.0,0.0
355697.2329897,1404592,200.0,0.015248617501416286,0.005,vicon_frame_time,1,200.0,False,0.95,7,False,so3_window,3.3680124932414754,3.029007960254839,True,tracking,False,False,True,0,1.2999999999999998,False,x_w_outside_launch_gate,,False,x_w_outside_launch_gate,0.30281477148517766,2.0452344204843746,1.4891080776135166,9.49773213046374,-6.7787232782651765,-1.6538469833153897,0.4737194182893248,-1.3031210558593507,0.09527152454466631,1.2155507952305358,0.30281477148517766,2.0452344204843746,1.4891080776135166,0.1657666971490479,-0.1183110402873111,-0.028865075183029276,0.44682299566815437,0.016737946440767596,-0.15645810607142985,-1.3031210558593507,0.09527152454466631,1.2155507952305358,0.0,0.0,0.0
355697.2390629,1404593,200.0,0.015278217501250604,0.005,vicon_frame_time,1,200.0,True,0.95,7,False,so3_window,8.293868174142299,6.915842288428208,True,tracking,False,False,True,0,1.2999999999999998,False,x_w_outside_launch_gate,,False,x_w_outside_launch_gate,0.3042199538345627,2.043581887055868,1.4881584424315033,11.743937483014355,-6.12923653856725,-2.398339919061936,0.42666381791253016,-0.08587889970960205,0.3714764879865692,0.5202444258550076,0.3042199538345627,2.043581887055868,1.4881584424315033,0.20497037622697611,-0.10697535823153892,-0.04185892816964509,0.4179894717535276,-0.04855446356823478,-0.07049311375237043,-0.08587889970960205,0.3714764879865692,0.5202444258550076,0.0,0.0,0.0
355697.2447604,1404594,200.0,0.015227880001287414,0.005,vicon_frame_time,1,200.0,True,0.95,7,False,so3_window,584.2494530324657,10.055501322962307,True,tracking,False,False,True,0,1.2999999999999998,False,x_w_outside_launch_gate,,False,x_w_outside_launch_gate,0.3057977641435521,2.047906309891525,1.4802281138283861,178.94631501876123,19.52299588948997,-1.123571037311677,0.5371420356496518,0.9284803444118259,-0.6386390946129364,-0.5665123624887156,0.3057977641435521,2.047906309891525,1.4802281138283861,3.123202381388362,0.340740558124919,-0.01961001398113682,0.2637433938835179,-0.15228808963125637,-0.4424582764522749,0.9284803444118259,-0.6386390946129364,-0.5665123624887156,0.0,0.0,0.0
355697.2507292,1404595,200.0,0.015066284998898711,0.005,vicon_frame_time,1,200.0,False,0.95,7,False,so3_window,1.834510833481446,1.535591288676404,True,tracking,False,False,True,0,1.2999999999999998,False,x_w_outside_launch_gate,,False,x_w_outside_launch_gate,0.30755495170696223,2.048924571406375,1.4805362575147507,178.90792824477322,19.081081052567352,-0.8541241696745971,0.4848539842869546,0.6995747338307083,-0.27236231029674796,-0.615202749381173,0.30755495170696223,2.048924571406375,1.4805362575147507,3.122532405793052,0.3330276892072055,-0.014907278981684424,0.28595432985504565,-0.16296647044247753,-0.3560272978685866,0.6995747338307083,-0.27236231029674796,-0.615202749381173,0.0,0.0,0.0
355697.2563515,1404596,200.0,0.015045027498937057,0.005,vicon_frame_time,1,200.0,False,0.95,7,False,so3_window,0.8162633508527306,0.015758754414222143,True,tracking,False,False,True,0,1.2999999999999998,False,x_w_outside_launch_gate,,False,x_w_outside_launch_gate,0.31027617727281065,2.0494404928766783,1.4803768051132336,178.92814471844883,18.964681730282507,-0.6456235397143093,0.48879398893890325,0.5551963683065656,-0.1570917241732123,-0.6260466476572147,0.31027617727281065,2.0494404928766783,1.4803768051132336,3.1228852498218345,0.3309961377862449,-0.011268256496395068,0.3352443464315827,-0.1491902635943647,-0.32291338940513076,0.5551963683065656,-0.1570917241732123,-0.6260466476572147,0.0,0.0,0.0
355697.2623116,1404598,200.0,0.015598447499888847,0.01,vicon_frame_time,2,200.0,True,0.95,7,False,so3_window,296.5796899084233,9.611442878417938,True,tracking,False,False,True,0,1.2999999999999998,False,x_w_outside_launch_gate,,False,x_w_outside_launch_gate,0.3173741966741206,2.046660919364032,1.4845962677092417,8.832266658560831,-4.7360047244630925,-3.7415129695228555,0.5387879032748125,-1.3871612680190717,-1.2443878162774258,1.3373044987633897,0.3173741966741206,2.046660919364032,1.4845962677092417,0.15415213360600433,-0.0826588758318878,-0.06530172032424408,0.5303456007686701,0.0016593361093617271,-0.09499049986321398,-1.3871612680190717,-1.2443878162774258,1.3373044987633897,0.0,0.0,0.0
355697.2682567,1404599,200.0,0.015465547501099776,0.005,vicon_frame_time,1,200.0,False,0.95,7,False,so3_window,0.6239066165579603,0.45073201968616083,True,tracking,False,False,True,0,1.2999999999999998,False,x_w_outside_launch_gate,,False,x_w_outside_launch_gate,0.32064877447986495,2.0471270844241176,1.4843316701091172,8.920942412372465,-4.7368338062276685,-3.9041931681094657,0.5632345807791804,-1.112180702302099,-1.0520119486943489,1.0212898505451355,0.32064877447986495,2.0471270844241176,1.4843316701091172,0.15569981747670525,-0.08267334603844789,-0.06814102541737865,0.5567221612978743,0.03253291569092288,-0.07896352007078976,-1.112180702302099,-1.0520119486943489,1.0212898505451355,0.0,0.0,0.0
355697.2746136,1404600,200.0,0.015372512500285637,0.005,vicon_frame_time,1,200.0,False,0.95,7,False,so3_window,1.476600613510193,0.9942801617294633,True,tracking,False,False,True,0,1.2999999999999998,False,x_w_outside_launch_gate,,False,x_w_outside_launch_gate,0.3240925536517141,2.0477489190276272,1.4836604153062243,8.606880207446263,-4.60661976898938,-4.131606621166285,0.5915656840819211,-1.1203069972384914,-0.8218864923545719,0.7091934702421139,0.3240925536517141,2.0477489190276272,1.4836604153062243,0.15021839794466985,-0.08040068235632525,-0.07211013893654972,0.5855725264460576,0.06829913741039904,-0.048887653695875694,-1.1203069972384914,-0.8218864923545719,0.7091934702421139,0.0,0.0,0.0
355697.2803792,1404601,200.0,0.015358812499649474,0.005,vicon_frame_time,1,200.0,True,0.5,7,True,so3_window_spike_downweighted,591.4487310439467,9.833699566440195,True,tracking,False,False,False,0,1.2999999999999998,False,x_w_outside_launch_gate,,False,x_w_outside_launch_gate,0.3266881232851375,2.051934948985483,1.4781670323340204,178.35093865426555,18.622479685299226,0.1649169541973078,0.6618322420870685,-0.9083749438756447,-0.5661938648122424,0.36242286608824276,0.3266881232851375,2.051934948985483,1.4781670323340204,3.112811103539358,0.32502358539422893,0.0028783438431037034,0.4649916375055653,-0.19735793012176808,-0.42761494493754576,-0.9083749438756447,-0.5661938648122424,0.36242286608824276,0.0,0.0,0.0
355697.2862429,1404603,200.0,0.015021577500792858,0.01,vicon_frame_time,2,200.0,False,0.95,7,False,so3_window,0.8524526367409538,0.20064317253262595,True,tracking,False,False,True,0,1.2999999999999998,False,x_w_outside_launch_gate,,False,x_w_outside_launch_gate,0.3344652332870055,2.0533684601129583,1.4775142062987872,178.15126390592394,18.53323994323026,0.5426258681317285,0.7032206270105292,-0.8047106757953226,-0.3466460446526562,0.07137299147693804,0.3344652332870055,2.0533684601129583,1.4775142062987872,3.1093261217477064,0.323466058071495,0.009470608005391234,0.566085275044716,-0.16594334714220202,-0.3827917412508697,-0.8047106757953226,-0.3466460446526562,0.07137299147693804,0.0,0.0,0.0
355697.2922428,1404604,200.0,0.015288177500824616,0.005,vicon_frame_time,1,200.0,False,0.95,7,False,so3_window,1.1220029338107091,0.3705726030490552,True,tracking,False,False,True,0,1.2999999999999998,False,x_w_outside_launch_gate,,False,x_w_outside_launch_gate,0.3385477114597051,2.054104458138806,1.4770688292365974,178.15624219099055,18.356848261538214,0.8128663409784226,0.7302351405744013,-0.717435502973453,-0.18149213056432223,-0.08628891817053005,0.3385477114597051,2.054104458138806,1.4770688292365974,3.1094130092132213,0.320387442452839,0.01418719402871238,0.6082062404420837,-0.15439104240658058,-0.37348619203610645,-0.717435502973453,-0.18149213056432223,-0.08628891817053005,0.0,0.0,0.0
355697.2982515,1404605,200.0,0.014922387500358163,0.005,vicon_frame_time,1,200.0,False,0.95,7,False,so3_window,1.100438229610135,0.45300011331475915,True,tracking,False,False,True,0,1.2999999999999998,False,x_w_outside_launch_gate,,False,x_w_outside_launch_gate,0.3429848803237836,2.054844035538071,1.476469824509445,177.9201660069028,18.33034596077773,0.9587280674575798,0.7685935314659252,-0.7619147832400672,-0.13307448467572375,-0.15188237709684277,0.3429848803237836,2.054844035538071,1.476469824509445,3.105292702515346,0.31992489004521474,0.01673296140841707,0.6528189781137468,-0.14388802984521934,-0.3792883247518263,-0.7619147832400672,-0.13307448467572375,-0.15188237709684277,0.0,0.0,0.0
355697.3038826,1404606,200.0,0.014793187500638887,0.005,vicon_frame_time,1,200.0,True,0.5,7,True,so3_window_spike_downweighted,597.453867386855,10.562168135705852,True,tracking,False,False,False,0,1.2999999999999998,False,x_w_outside_launch_gate,,False,x_w_outside_launch_gate,0.34921479083233464,2.0541556011733166,1.4835401348747048,6.301486712450979,-5.362589610365166,-4.798785756864319,0.8768700444662594,-0.7167143219382314,-0.06466580924371128,-0.2558757752293851,0.34921479083233464,2.0541556011733166,1.4835401348747048,0.10998169090294274,-0.09359484513411198,-0.08375461155509045,0.8145543382826191,0.1408688306679615,-0.2925034656435125,-0.7167143219382314,-0.06466580924371128,-0.2558757752293851,0.0,0.0,0.0
355697.3098368,1404607,200.0,0.015110282500168477,0.005,vicon_frame_time,1,200.0,True,0.5,7,True,so3_window_spike_downweighted,596.5876280613197,10.084057216575605,True,tracking,False,False,False,0,1.2999999999999998,False,x_w_outside_launch_gate,,False,x_w_outside_launch_gate,0.3522958108973602,2.0564143802112436,1.475474887982915,177.70812638974127,18.141259486973464,1.4009227080845696,0.8417921877824531,-0.6815588640540082,0.02274790851176836,-0.38817680120219455,0.3522958108973602,2.0564143802112436,1.475474887982915,3.101591913051209,0.3166247085063443,0.024450713822031123,0.6972917793089075,-0.14195523535241725,-0.4497187710956999,-0.6815588640540082,0.02274790851176836,-0.38817680120219455,0.0,0.0,0.0
355697.3156418,1404608,200.0,0.015049310001350277,0.005,vicon_frame_time,1,200.0,False,0.95,7,False,so3_window,1.2378888195930873,1.150361326801069,True,tracking,False,False,True,0,1.2999999999999998,False,x_w_outside_launch_gate,,False,x_w_outside_launch_gate,0.35760815682113245,2.057165849612472,1.475789896280765,177.72607435342658,18.42759110397876,1.6150856765901167,0.8849705430310751,-0.5966099529116625,-0.14278701888073303,-0.4483293979565739,0.35760815682113245,2.057165849612472,1.475789896280765,3.101905164111546,0.3216221379756461,0.02818856275829784,0.7702742642113862,-0.13234358243231298,-0.41513322694685034,-0.5966099529116625,-0.14278701888073303,-0.4483293979565739,0.0,0.0,0.0
355697.3215978,1404609,200.0,0.014924559998713052,0.005,vicon_frame_time,1,200.0,False,0.95,7,False,so3_window,2.18034904855142,1.6594079383125457,True,tracking,False,False,True,0,1.2999999999999998,False,x_w_outside_launch_gate,,False,x_w_outside_launch_gate,0.36259803781311906,2.0580629160154045,1.4742473554855027,177.49994973559362,17.933313972805575,1.860271692768156,0.9223026423057162,-0.6732378483955753,0.1739787192574596,-0.4970390385837732,0.36259803781311906,2.0580629160154045,1.4742473554855027,3.097958545010547,0.3129953746193621,0.03246786602045271,0.7933022882539033,-0.125795280988982,-0.4533091558044355,-0.6732378483955753,0.1739787192574596,-0.4970390385837732,0.0,0.0,0.0
355697.3273369,1404611,200.0,0.015005702500076415,0.01,vicon_frame_time,2,200.0,False,0.95,7,False,so3_window,0.962951916537295,0.028412339422478783,True,tracking,False,False,True,0,1.2999999999999998,False,x_w_outside_launch_gate,,False,x_w_outside_launch_gate,0.3739690749154452,2.0600085445110095,1.4732716842870939,177.3566539069897,17.803504281453314,2.3349136387677114,1.0136264661925882,-0.6231738527285239,0.1999738063475173,-0.5801384262782949,0.3739690749154452,2.0600085445110095,1.4732716842870939,3.095457560997035,0.31072976810426756,0.04075193074621808,0.8997455236356632,-0.12135228700118253,-0.45074408271572797,-0.6231738527285239,0.1999738063475173,-0.5801384262782949,0.0,0.0,0.0
355697.3333977,1404612,200.0,0.01482320250013928,0.005,vicon_frame_time,1,200.0,False,0.95,7,False,so3_window,2.394151623629757,1.9720706324663266,True,tracking,False,False,True,0,1.2999999999999998,False,x_w_outside_launch_gate,,False,x_w_outside_launch_gate,0.3796722293022383,2.0613602947262883,1.472671247087177,177.33184178442417,17.176263217836095,2.603920687212089,1.049800049848251,-0.5807794837882995,0.5380979995290675,-0.6156493409395676,0.3796722293022383,2.0613602947262883,1.472671247087177,3.095024507763858,0.2997823463404359,0.04544698945264436,0.9406809101488248,-0.13470484051928888,-0.44615487880739535,-0.5807794837882995,0.5380979995290675,-0.6156493409395676,0.0,0.0,0.0
355697.3390962,1404613,200.0,0.015145930000309641,0.005,vicon_frame_time,1,200.0,True,0.95,7,False,so3_window,595.299158510995,10.722032257234419,True,tracking,False,False,True,0,1.2999999999999998,False,x_w_outside_launch_gate,,False,x_w_outside_launch_gate,0.3880040680944563,2.0609920981049195,1.4785989815745129,5.960600775309532,-4.381535162634835,-6.46538810729661,1.18234277646991,-1.4840239480864856,-0.5516345196491536,0.48700898917740076,0.3880040680944563,2.0609920981049195,1.4785989815745129,0.10403210892607806,-0.0764722148798831,-0.11284230989161026,1.1256655029349802,0.24447098000650408,-0.2665437234439647,-1.4840239480864856,-0.5516345196491536,0.48700898917740076,0.0,0.0,0.0
355697.3452856,1404614,200.0,0.014673282501397263,0.005,vicon_frame_time,1,200.0,False,0.95,7,False,so3_window,0.9936646584916397,0.6375653226801382,True,tracking,False,False,True,0,1.2999999999999998,False,x_w_outside_launch_gate,,False,x_w_outside_launch_gate,0.3945252522261513,2.062071656642079,1.4781143572743554,6.004227507855329,-4.394304372500256,-6.749756839916391,1.2093640857854697,-1.2239513954471102,-0.4842727702626794,0.24254821595754722,0.3945252522261513,2.062071656642079,1.4781143572743554,0.10479353905088917,-0.07669507963491284,-0.11780548056554885,1.1574273523830916,0.27560106060959766,-0.2167197991279441,-1.2239513954471102,-0.4842727702626794,0.24254821595754722,0.0,0.0,0.0
355697.3512151,1404616,200.0,0.014616625000840357,0.01,vicon_frame_time,2,200.0,False,0.95,7,False,so3_window,0.579899432588284,0.37959241172792424,True,tracking,False,False,True,0,1.2999999999999998,False,x_w_outside_launch_gate,,False,x_w_outside_launch_gate,0.40973489328041035,2.0646719445286936,1.4762912627836269,6.005606579324613,-4.280989376809734,-7.062196164848098,1.3386277087659288,-0.8727924196585504,-0.2993541413602481,0.004315962911104254,0.40973489328041035,2.0646719445286936,1.4762912627836269,0.10481760838864851,-0.07471735986823003,-0.12325857549831554,1.286846541775742,0.3485184807371776,-0.1203536006124595,-0.8727924196585504,-0.2993541413602481,0.004315962911104254,0.0,0.0,0.0
355697.3572224,1404617,200.0,0.014999325000885945,0.005,vicon_frame_time,1,200.0,False,0.95,7,False,so3_window,0.9155163800604806,0.48350602492602024,True,tracking,False,False,True,0,1.2999999999999998,False,x_w_outside_launch_gate,,False,x_w_outside_launch_gate,0.417652020725205,2.066344917201724,1.4758551699257878,6.01728386558745,-4.094472843209954,-7.247072659822793,1.4005838341408354,-0.7283811949397424,-0.15277504293631392,-0.11445258172480201,0.417652020725205,2.066344917201724,1.4758551699257878,0.10502141548163291,-0.07146203224750725,-0.1264852790451707,1.340382777359617,0.3915994115919592,-0.10797679128032006,-0.7283811949397424,-0.15277504293631392,-0.11445258172480201,0.0,0.0,0.0
355697.3628016,1404618,200.0,0.014862182498713565,0.005,vicon_frame_time,1,200.0,False,0.95,7,False,so3_window,0.37221676186696806,0.5013632269985322,True,tracking,False,False,True,0,1.2999999999999998,False,x_w_outside_launch_gate,,False,x_w_outside_launch_gate,0.42634805261533915,2.068081049736661,1.475072605770715,6.081304759604872,-4.042940724421683,-7.319709438182725,1.4841860190017502,-0.5727297607336419,-0.10193913314056148,-0.1404549098289593,0.42634805261533915,2.068081049736661,1.475072605770715,0.10613879087230726,-0.07056262710412309,-0.1277530299855929,1.4172069623205303,0.4318542192860272,-0.0885127009831599,-0.5727297607336419,-0.10193913314056148,-0.1404549098289593,0.0,0.0,0.0
355697.3689621,1404619,200.0,0.014148182500743615,0.005,vicon_frame_time,1,200.0,False,0.95,7,False,so3_window,0.36711139611637394,0.2457284034714302,True,tracking,False,False,True,0,1.2999999999999998,False,x_w_outside_launch_gate,,False,x_w_outside_launch_gate,0.435725191940763,2.0699659909929164,1.4743278954367405,6.114954479777155,-4.0121140426754796,-7.41685500849239,1.5804192762440876,-0.46166265845934784,-0.07310428265471403,-0.17501092408114627,0.435725191940763,2.0699659909929164,1.4743278954367405,0.10672608928168836,-0.0700246000101874,-0.1294485400412242,1.5055047980024396,0.4743841263928941,-0.07835874260074681,-0.46166265845934784,-0.07310428265471403,-0.17501092408114627,0.0,0.0,0.0
355697.3748257,1404620,200.0,0.014091177499807263,0.005,vicon_frame_time,1,200.0,False,0.95,7,False,so3_window,0.5024098246698315,0.10439497821892818,True,tracking,False,False,True,0,1.2999999999999998,False,x_w_outside_launch_gate,,False,x_w_outside_launch_gate,0.44568472064481446,2.072047938529649,1.4735728096609644,6.17536090483213,-3.960161880143837,-7.540993583718038,1.6824598868660103,-0.35459144368974127,-0.03858018912427866,-0.22071218576601773,0.44568472064481446,2.072047938529649,1.4735728096609644,0.10778038028825687,-0.06911786372047901,-0.1316151669076464,1.5981344870977938,0.5209253827699885,-0.07262353370499879,-0.35459144368974127,-0.03858018912427866,-0.22071218576601773,0.0,0.0,0.0
355697.3810174,1404622,200.0,0.014009085000261864,0.01,vicon_frame_time,2,200.0,False,0.95,7,False,so3_window,0.5663629209250425,0.2759955749732706,True,tracking,False,False,True,0,1.2999999999999998,False,x_w_outside_launch_gate,,False,x_w_outside_launch_gate,0.46775704417101904,2.076632746872747,1.4720496964366365,6.263908171850687,-4.007214985346228,-7.855827599806948,1.910321283668676,-0.21504194808827887,-0.06893612538848093,-0.31414567804888316,0.46775704417101904,2.076632746872747,1.4720496964366365,0.10932582164137328,-0.069939095329548,-0.1371100570856747,1.8062214101398437,0.6172386984687493,-0.07686360323701369,-0.21504194808827887,-0.06893612538848093,-0.31414567804888316,0.0,0.0,0.0
355697.3869245,1404623,200.0,0.014018185000432157,0.005,vicon_frame_time,1,200.0,False,0.95,7,False,so3_window,0.7722523439440966,0.979789493131112,True,tracking,False,False,True,0,1.2999999999999998,False,x_w_outside_launch_gate,,False,x_w_outside_launch_gate,0.48035063121023747,2.0789768019807653,1.4713055991529975,6.355996266416141,-4.208194690019889,-7.873145294866565,2.056072024625742,-0.1263446568445658,-0.17477296884755714,-0.25892292807433864,0.48035063121023747,2.0789768019807653,1.4713055991529975,0.11093306209342835,-0.07344685290578923,-0.13741230788332137,1.945804815086893,0.6578820805476361,-0.09201608624351293,-0.1263446568445658,-0.17477296884755714,-0.25892292807433864,0.0,0.0,0.0
355697.3931805,1404624,200.0,0.01408185750001795,0.005,vicon_frame_time,1,200.0,False,0.5,7,True,so3_window_spike_downweighted,2.581543557760707,2.17209804972691,True,tracking,False,False,False,0,1.2999999999999998,False,x_w_outside_launch_gate,,False,x_w_outside_launch_gate,0.4925874065006557,2.0807411882243594,1.4698718324149147,6.511485511045212,-3.6166610417923173,-8.299652709168573,2.151226798801701,-0.05810153486608785,-0.10614677605211936,-0.301209984261414,0.4925874065006557,2.0807411882243594,1.4698718324149147,0.11364686136364455,-0.06312264310788418,-0.14485626654705896,2.039410068053211,0.6829843846241085,-0.04599613641861633,-0.05810153486608785,-0.10614677605211936,-0.301209984261414,0.0,0.0,0.0
355697.3993387,1404625,200.0,0.013835345001383805,0.005,vicon_frame_time,1,200.0,False,0.95,7,False,so3_window,0.8453858524370754,0.7707861817115758,True,tracking,False,False,True,0,1.2999999999999998,False,x_w_outside_launch_gate,,False,x_w_outside_launch_gate,0.5066819363399246,2.0831796786908354,1.4693760493987513,6.541435315808164,-3.7975559101616434,-8.45982158060447,2.308911457360301,-0.037017742481187846,-0.20358751636381023,-0.3314327928840858,0.5066819363399246,2.0831796786908354,1.4693760493987513,0.11416958406708755,-0.06627985416089066,-0.14765174071281884,2.188592619589731,0.7310312332020006,-0.08202316435123988,-0.037017742481187846,-0.20358751636381023,-0.3314327928840858,0.0,0.0,0.0
355697.405286,1404627,200.0,0.01398114000178169,0.01,vicon_frame_time,2,200.0,False,0.95,7,False,so3_window,1.524302260980011,1.3739926412943815,True,tracking,False,False,True,0,1.2999999999999998,False,x_w_outside_launch_gate,,False,x_w_outside_launch_gate,0.5391786944613215,2.088245884977266,1.4712075895920471,7.041224193854401,-4.511766086684654,-8.560750799268598,2.6931487237415688,0.22863431906444331,-0.5161859882592181,-0.2412426840607542,0.5391786944613215,2.088245884977266,1.4712075895920471,0.12289254555384277,-0.07874517329246711,-0.1494132878899732,2.553297135597863,0.8073684392584878,-0.2861467959420548,0.22863431906444331,-0.5161859882592181,-0.2412426840607542,0.0,0.0,0.0
355697.4110498,1404628,200.0,0.01412913999913429,0.005,vicon_frame_time,1,200.0,False,0.95,7,False,so3_window,0.8915705478506607,0.3044970368225562,True,tracking,False,False,True,0,1.2999999999999998,False,x_w_outside_launch_gate,,False,x_w_outside_launch_gate,0.5569762043791218,2.0905802755000016,1.4716410307569086,7.231537996677932,-4.601312831537387,-8.721568416310266,2.892051112625767,0.2938188865610581,-0.49343291286609614,-0.2871074123105708,0.5569762043791218,2.0905802755000016,1.4716410307569086,0.12621414802510467,-0.08030805882459058,-0.15222008480256166,2.745958975512427,0.8429505062348862,-0.33630846983242296,0.2938188865610581,-0.49343291286609614,-0.2871074123105708,0.0,0.0,0.0
355697.417063,1404629,200.0,0.013839599999945797,0.005,vicon_frame_time,1,200.0,False,0.95,7,False,so3_window,0.49314969738160075,0.22022024717793492,True,tracking,False,False,True,0,1.2999999999999998,False,x_w_outside_launch_gate,,False,x_w_outside_launch_gate,0.5759844220546184,2.0931334782817843,1.4727050200442593,7.319848746672372,-4.671948835983132,-8.813688981071545,3.102052882959332,0.2918937791275709,-0.45872107446982713,-0.28703990840232124,0.5759844220546184,2.0931334782817843,1.4727050200442593,0.12775546137741323,-0.08154088967262219,-0.15382789196644264,2.9453167303081442,0.8834409389641025,-0.4091131313041294,0.2918937791275709,-0.45872107446982713,-0.28703990840232124,0.0,0.0,0.0
355697.4229432,1404630,200.0,0.013777599998965464,0.005,vicon_frame_time,1,200.0,False,0.95,7,False,so3_window,0.5946801337817958,0.3098999481639243,True,tracking,False,False,True,0,1.2999999999999998,False,x_w_outside_launch_gate,,False,x_w_outside_launch_gate,0.5962184496435339,2.095279717414971,1.4729535851201658,7.3315225443402445,-4.796711525514505,-8.930075987034252,3.3164624435479055,0.24444560446508917,-0.4628635916183171,-0.2968746330393947,0.5962184496435339,2.095279717414971,1.4729535851201658,0.12795920758292922,-0.0837184093885881,-0.15585922842703015,3.1584422924876976,0.9122617938701448,-0.4369712163674259,0.24444560446508917,-0.4628635916183171,-0.2968746330393947,0.0,0.0,0.0
355697.4289276,1404631,200.0,0.013969197500808016,0.005,vicon_frame_time,1,200.0,False,0.95,7,False,so3_window,0.7800978731321172,0.6856316093180633,True,tracking,False,False,True,0,1.2999999999999998,False,x_w_outside_launch_gate,,False,x_w_outside_launch_gate,0.6174669633302421,2.09759983785122,1.4729547081807484,7.231155084655903,-4.886894476569463,-9.09995584033404,3.529090522489262,0.13696650977130922,-0.4502437068767971,-0.3384330384900954,0.6174669633302421,2.09759983785122,1.4729547081807484,0.1262074649495748,-0.08529239881366202,-0.15882419119991642,3.3668158444764527,0.9562784836468483,-0.4522858023638701,0.13696650977130922,-0.4502437068767971,-0.3384330384900954,0.0,0.0,0.0
355697.4348986,1404632,200.0,0.01387104249952698,0.005,vicon_frame_time,1,200.0,False,0.95,7,False,so3_window,0.4775362076638336,0.09851715503511509,True,tracking,False,False,True,0,1.2999999999999998,False,x_w_outside_launch_gate,,False,x_w_outside_launch_gate,0.6402330609028088,2.1001943800033516,1.4733135297355342,7.2516020020364005,-4.9569358678337485,-9.21744498736237,3.7632500123419046,0.12016902194216603,-0.4242093406064035,-0.34444867980450644,0.6402330609028088,2.1001943800033516,1.4733135297355342,0.12656433097974773,-0.08651485170390139,-0.16087476365092046,3.5919734392815608,1.0096081697442376,-0.49037619280796246,0.12016902194216603,-0.4242093406064035,-0.34444867980450644,0.0,0.0,0.0
355697.4406347,1404634,200.0,0.014438689998367787,0.01,vicon_frame_time,2,200.0,False,0.95,7,False,so3_window,0.9958856067832503,0.7260351849726214,True,tracking,False,False,True,0,1.2999999999999998,False,x_w_outside_launch_gate,,False,x_w_outside_launch_gate,0.6886841708264919,2.1061321035337817,1.4737057210914382,6.973077677191289,-5.418357669389091,-9.3812951921264,4.205034058106436,-0.06713911138223408,-0.5457519514036235,-0.29657999741697033,0.6886841708264919,2.1061321035337817,1.4737057210914382,0.12170316446430629,-0.094568181381526,-0.1637344892041197,4.009829172626474,1.1326276934278934,-0.5663355403548082,-0.06713911138223408,-0.5457519514036235,-0.29657999741697033,0.0,0.0,0.0
355697.4466798,1404635,200.0,0.013826789999310146,0.005,vicon_frame_time,1,200.0,False,0.95,7,False,so3_window,0.9937412671167026,0.8126428328381092,True,tracking,False,False,True,0,1.2999999999999998,False,x_w_outside_launch_gate,,False,x_w_outside_launch_gate,0.7138917020035711,2.109008156956307,1.4739626060771467,7.0739154841093805,-5.342283334977361,-9.646053982586952,4.398206980705295,-0.011724668349817356,-0.42961325043448223,-0.4047677243809503,0.7138917020035711,2.109008156956307,1.4739626060771467,0.12346311620551731,-0.09324043376977809,-0.16835540182125408,4.192206918293299,1.1926240301397786,-0.5892993484399419,-0.011724668349817356,-0.42961325043448223,-0.4047677243809503,0.0,0.0,0.0
355697.4527041,1404636,200.0,0.014650374999958743,0.005,vicon_frame_time,1,200.0,False,0.95,7,False,so3_window,0.4432689078334184,0.1873139871131211,True,tracking,False,False,True,0,1.2999999999999998,False,x_w_outside_launch_gate,,False,x_w_outside_launch_gate,0.7403665047001113,2.112194100647592,1.473852019829612,7.096518618675251,-5.359655191507489,-9.771925781690936,4.605900277366163,-0.003449306135629217,-0.3770311404348332,-0.4084133726450795,0.7403665047001113,2.112194100647592,1.473852019829612,0.12385761532496309,-0.09354362986341291,-0.17055227915102744,4.389413799847281,1.258620171450511,-0.6026932244266895,-0.003449306135629217,-0.3770311404348332,-0.4084133726450795,0.0,0.0,0.0
355697.4588284,1404637,200.0,0.014991775000210922,0.005,vicon_frame_time,1,200.0,False,0.95,7,False,so3_window,1.3655430230109442,1.3931929863230577,True,tracking,False,False,True,0,1.2999999999999998,False,x_w_outside_launch_gate,,False,x_w_outside_launch_gate,0.767420701439034,2.1158439354929053,1.4721735093781545,6.745123355445042,-5.265999899868671,-9.887191561301576,4.79578742030442,-0.21352655228821632,-0.2681439044721221,-0.4131946147442185,0.767420701439034,2.1158439354929053,1.4721735093781545,0.11772461100568377,-0.09190903666240002,-0.17256404652011126,4.571147312060799,1.3493084914961524,-0.5324996027846725,-0.21352655228821632,-0.2681439044721221,-0.4131946147442185,0.0,0.0,0.0
355697.4646,1404638,200.0,0.014992165001014303,0.005,vicon_frame_time,1,200.0,False,0.95,7,False,so3_window,1.212238396055682,1.0270564914299636,True,tracking,False,False,True,0,1.2999999999999998,False,x_w_outside_launch_gate,,False,x_w_outside_launch_gate,0.7948170537931771,2.119589485488638,1.4706302389271015,6.579553585738519,-4.996415783943746,-10.016377699598053,4.959912931041599,-0.28098807681652815,-0.0763506424473138,-0.4368767553151534,0.7948170537931771,2.119589485488638,1.4706302389271015,0.11483487338253617,-0.087203906228432,-0.1748187699813215,4.725831032681584,1.4299746918403382,-0.47162454850602353,-0.28098807681652815,-0.0763506424473138,-0.4368767553151534,0.0,0.0,0.0
355697.4706196,1404639,200.0,0.014985107498559663,0.005,vicon_frame_time,1,200.0,False,0.95,7,False,so3_window,0.601251398507099,0.11114380011258258,True,tracking,False,False,True,0,1.2999999999999998,False,x_w_outside_launch_gate,,False,x_w_outside_launch_gate,0.822271857279322,2.123448152781199,1.4692293235447265,6.482778158119593,-5.046834112936272,-10.141446657531766,5.091036331159454,-0.2968280848437876,-0.10101295119546909,-0.4327399228083278,0.822271857279322,2.123448152781199,1.4692293235447265,0.11314582353556046,-0.0880838720727053,-0.1770016350893031,4.844829113024887,1.497056533793986,-0.4528835671524586,-0.2968280848437876,-0.10101295119546909,-0.4327399228083278,0.0,0.0,0.0
355697.4764808,1404641,200.0,0.01491321749901529,0.01,vicon_frame_time,2,200.0,False,0.95,7,False,so3_window,0.33193936782854094,0.3634479212592149,True,tracking,False,False,True,0,1.2999999999999998,False,x_w_outside_launch_gate,,False,x_w_outside_launch_gate,0.8769497996975355,2.131679575331927,1.465301161287351,6.443245033149917,-4.901123498491631,-10.253727669276874,5.268356814997883,-0.2343548440489148,-0.0027174046076817726,-0.37047808980905156,0.8769497996975355,2.131679575331927,1.465301161287351,0.11245584034123723,-0.0855407420955423,-0.17896130843172564,5.002857584462611,1.60997808425077,-0.3673827540206398,-0.2343548440489148,-0.0027174046076817726,-0.37047808980905156,0.0,0.0,0.0
355697.4824929,1404642,200.0,0.015093117499163627,0.005,vicon_frame_time,1,200.0,False,0.95,7,False,so3_window,0.39151779974288653,0.4842336373890483,True,tracking,False,False,True,0,1.2999999999999998,False,x_w_outside_launch_gate,,False,x_w_outside_launch_gate,0.9044018856274865,2.135674566922849,1.462638728446511,6.496737827943778,-4.802501510331803,-10.25465805539737,5.335043851062917,-0.16421745800441462,0.05468785284490858,-0.31573043947047913,0.9044018856274865,2.135674566922849,1.462638728446511,0.11338946573648379,-0.08381946368729043,-0.17897754673284316,5.066131657317659,1.6444355827809485,-0.3046876065283063,-0.16421745800441462,0.05468785284490858,-0.31573043947047913,0.0,0.0,0.0
355697.4882796,1404643,200.0,0.014995422500632299,0.005,vicon_frame_time,1,200.0,False,0.95,7,False,so3_window,0.5183770572277633,0.6216098249745309,True,tracking,False,False,True,0,1.2999999999999998,False,x_w_outside_launch_gate,,False,x_w_outside_launch_gate,0.931799703602123,2.1397555415049228,1.4601594524229344,6.620070324755185,-4.719168537853505,-10.26317456669228,5.385011802619522,-0.06550269460666573,0.09317490955930305,-0.2735494053678711,0.931799703602123,2.1397555415049228,1.4601594524229344,0.11554202388054824,-0.08236502894207032,-0.17912618789572265,5.1112570993292,1.6741311996087067,-0.2658715957095084,-0.06550269460666573,0.09317490955930305,-0.2735494053678711,0.0,0.0,0.0
355697.4942086,1404644,200.0,0.015135122500268222,0.005,vicon_frame_time,1,200.0,False,0.95,7,False,so3_window,0.7218669527814554,0.7136568393717742,True,tracking,False,False,True,0,1.2999999999999998,False,x_w_outside_launch_gate,,False,x_w_outside_launch_gate,0.9589949583924713,2.1437731277169183,1.4575653044794217,6.802291961264497,-4.623116701828751,-10.301585975705887,5.415153320137258,0.049612023827467766,0.13054238541489127,-0.256607566389119,0.9589949583924713,2.1437731277169183,1.4575653044794217,0.11872239140600804,-0.08068860815085266,-0.17979659345334031,5.137419672487213,1.6965102510130332,-0.22947234592132942,0.049612023827467766,0.13054238541489127,-0.256607566389119,0.0,0.0,0.0
355697.5005526,1404645,200.0,0.015364259999113054,0.005,vicon_frame_time,1,200.0,False,0.95,7,False,so3_window,1.251006641668925,0.8573695885863933,True,tracking,False,False,True,0,1.2999999999999998,False,x_w_outside_launch_gate,,False,x_w_outside_launch_gate,0.9862634418540863,2.1477493474106715,1.454757102768981,6.973479971530518,-4.30878992643658,-10.337550998387718,5.442449170786075,0.13931106991749698,0.2878389360222192,-0.25647998173663833,0.9862634418540863,2.1477493474106715,1.454757102768981,0.12171018582508797,-0.07520257099308258,-0.1804243015146927,5.161637597923513,1.7170799596413613,-0.17142548378361244,0.13931106991749698,0.2878389360222192,-0.25647998173663833,0.0,0.0,0.0
355697.5067413,1404647,200.0,0.015059965000090245,0.01,vicon_frame_time,2,200.0,False,0.95,7,False,so3_window,0.8075210732920147,0.3889778861285745,True,tracking,False,False,True,0,1.2999999999999998,False,x_w_outside_launch_gate,,False,x_w_outside_launch_gate,1.0405203983879039,2.1557682627345054,1.4488404953952712,7.1647013921050915,-3.891722359299326,-10.412418168444168,5.471123110119612,0.194154354752004,0.41184639312258464,-0.2453522471089864,1.0405203983879039,2.1557682627345054,1.4488404953952712,0.1250476292144551,-0.067923368743255,-0.18173098013382827,5.182924660841342,1.7504996413000837,-0.07893701245819107,0.194154354752004,0.41184639312258464,-0.2453522471089864,0.0,0.0,0.0
355697.5126442,1404648,200.0,0.015643164998890655,0.005,vicon_frame_time,1,200.0,False,0.95,7,False,so3_window,0.2409912753044997,0.3295996665924483,True,tracking,False,False,True,0,1.2999999999999998,False,x_w_outside_launch_gate,,False,x_w_outside_launch_gate,1.0677697119820673,2.1597707278651526,1.4456292071687837,7.1727460523238955,-3.8314972742705597,-10.44574543481267,5.48735959909124,0.16516838329776667,0.37555322798901486,-0.22802558778401427,1.0677697119820673,2.1597707278651526,1.4456292071687837,0.12518803502247744,-0.06687224271720948,-0.1823126506626478,5.195963304542028,1.763882575567703,-0.042414233461323225,0.16516838329776667,0.37555322798901486,-0.22802558778401427,0.0,0.0,0.0
355697.5186243,1404649,200.0,0.015494680000355742,0.005,vicon_frame_time,1,200.0,False,0.95,7,False,so3_window,0.4719765301786546,0.4586826136354337,True,tracking,False,False,True,0,1.2999999999999998,False,x_w_outside_launch_gate,,False,x_w_outside_launch_gate,1.0949067581320349,2.16377279759456,1.4420666746790838,7.138505562119154,-3.7038985864146343,-10.472362847899657,5.496790320394304,0.1167002501363006,0.3846924076070505,-0.21459921688049252,1.0949067581320349,2.16377279759456,1.4420666746790838,0.12459042573090784,-0.06464522549289908,-0.18277721215937914,5.201842722780137,1.7763522929234032,0.010423303967898923,0.1167002501363006,0.3846924076070505,-0.21459921688049252,0.0,0.0,0.0
355697.5245974,1404650,200.0,0.015310580000968342,0.005,vicon_frame_time,1,200.0,False,0.95,7,False,so3_window,0.5481448687063875,0.4981538885619126,True,tracking,False,False,True,0,1.2999999999999998,False,x_w_outside_launch_gate,,False,x_w_outside_launch_gate,1.121967088224752,2.1677468693203883,1.438566377141068,7.091673697754988,-3.5554217375859922,-10.490115745786467,5.500502716626373,0.06934854764458556,0.40501635994946517,-0.19975944607513446,1.121967088224752,2.1677468693203883,1.438566377141068,0.12377305550290574,-0.06205381561785339,-0.18308705867927433,5.20283044555591,1.7841340698268122,0.05432413178158735,0.06934854764458556,0.40501635994946517,-0.19975944607513446,0.0,0.0,0.0
355697.530745,1404651,200.0,0.015507357500228918,0.005,vicon_frame_time,1,200.0,False,0.95,7,False,so3_window,0.25191630367370726,0.3871851536647213,True,tracking,False,False,True,0,1.2999999999999998,False,x_w_outside_launch_gate,,False,x_w_outside_launch_gate,1.1489273428215676,2.171727737749775,1.4349765012760818,7.042381775887352,-3.52210745326354,-10.52803719222006,5.499619279061132,0.02774995111720379,0.35403644164475984,-0.19070275501939496,1.1489273428215676,2.171727737749775,1.4349765012760818,0.12291274917167971,-0.061472371668481074,-0.18374891277665917,5.198986057399562,1.7913794196441117,0.08553341137451509,0.02774995111720379,0.35403644164475984,-0.19070275501939496,0.0,0.0,0.0
355697.5365366,1404652,200.0,0.015578632501717569,0.005,vicon_frame_time,1,200.0,False,0.95,7,False,so3_window,0.4080694807866938,0.3373345025576247,True,tracking,False,False,True,0,1.2999999999999998,False,x_w_outside_launch_gate,,False,x_w_outside_launch_gate,1.1759994710927204,2.175669716884692,1.4313564283418265,6.942129082595389,-3.464916148477668,-10.541479526298165,5.503820334040132,-0.03567911276979776,0.32710398709369093,-0.17071634114863765,1.1759994710927204,2.175669716884692,1.4313564283418265,0.12116300958974291,-0.06047419509645602,-0.18398352576547516,5.201562315475756,1.7950964730211243,0.11582918528262631,-0.03567911276979776,0.32710398709369093,-0.17071634114863765,0.0,0.0,0.0
355697.5427791,1404653,200.0,0.015522432499255757,0.005,vicon_frame_time,1,200.0,False,0.95,7,False,so3_window,0.6427078262105839,0.3508219337701877,True,valid_r5_launch_window,True,True,True,1,1.2999999999999998,False,approved_launch_gate,,True,approved_launch_gate,1.2029661902774063,2.179628917096625,1.427497891970862,6.7951698248880685,-3.358443689140982,-10.565046199682254,5.503944383175169,-0.11604956299392699,0.33244872341487713,-0.16325930230692667,1.2029661902774063,2.179628917096625,1.427497891970862,0.11859808667646332,-0.05861590011833506,-0.18439484180976962,5.19862546380483,1.8007731966920886,0.1578383801261931,-0.11604956299392699,0.33244872341487713,-0.16325930230692667,0.0,0.0,0.0
355697.5492294,1404655,200.0,0.01568562250050049,0.01,vicon_frame_time,2,200.0,False,0.95,7,False,so3_window,0.9744737647426033,0.5551004946426427,True,valid_r5_launch_window,True,True,True,2,1.2999999999999998,False,approved_launch_gate,,True,approved_launch_gate,1.2569131123035402,2.1873408323634544,1.4196497580358665,6.602733938534578,-2.840975449657446,-10.638536952013919,5.504381511920776,-0.18323680134430434,0.49529885977950167,-0.1837933833742998,1.2569131123035402,2.1873408323634544,1.4196497580358665,0.11523944686060128,-0.04958437556484885,-0.18567749740772488,5.192545007379031,1.808563582513712,0.2545386868896775,-0.18323680134430434,0.49529885977950167,-0.1837933833742998,0.0,0.0,0.0
